9 0 0 0
9 0 1 0
9 0 2 0
9 0 3 0
9 0 4 0
9 0 5 0
9 0 6 0
9 0 7 0
9 0 8 0
9 0 9 0
9 0 10 0
9 0 11 0
9 0 12 0
9 0 13 0
9 0 14 0
9 0 15 0
9 1 0 0
9 1 1 5.75346e-16
9 1 2 1.5721e-13
9 1 3 7.70846e-12
9 1 4 1.1508e-08
9 1 5 3.77596e-07
9 1 6 4.59132e-06
9 1 7 2.05956e-05
9 1 8 3.41073e-05
9 1 9 2.09439e-05
9 1 10 4.83256e-06
9 1 11 4.33204e-07
9 1 12 1.62932e-08
9 1 13 1.70351e-10
9 1 14 1.09847e-12
9 1 15 5.35648e-15
9 2 0 0
9 2 1 9.7219e-15
9 2 2 2.97452e-12
9 2 3 3.23312e-11
9 2 4 2.77454e-07
9 2 5 9.20144e-06
9 2 6 0.000112301
9 2 7 0.000504433
9 2 8 0.000835995
9 2 9 0.00051325
9 2 10 0.000118409
9 2 11 1.06089e-05
9 2 12 3.98498e-07
9 2 13 4.14024e-09
9 2 14 2.64379e-11
9 2 15 1.27366e-13
9 3 0 0
9 3 1 8.56513e-14
9 3 2 2.81778e-11
9 3 3 2.65747e-10
9 3 4 2.97127e-06
9 3 5 9.89874e-05
9 3 6 0.00121002
9 3 7 0.00543832
9 3 8 0.00904303
9 3 9 0.0055347
9 3 10 0.00127671
9 3 11 0.000114357
9 3 12 4.29264e-06
9 3 13 4.44541e-08
9 3 14 2.82518e-10
9 3 15 1.35518e-12
9 4 0 0
9 4 1 3.36402e-13
9 4 2 1.14593e-10
9 4 3 1.04054e-09
9 4 4 1.27179e-05
9 4 5 0.000424444
9 4 6 0.0051916
9 4 7 0.0233425
9 4 8 0.041726
9 4 9 0.0237793
9 4 10 0.00547937
9 4 11 0.000490736
9 4 12 1.84167e-05
9 4 13 1.90511e-07
9 4 14 1.20872e-09
9 4 15 5.78617e-12
9 5 0 0
9 5 1 5.34016e-13
9 5 2 1.84404e-10
9 5 3 1.64977e-09
9 5 4 2.08151e-05
9 5 5 0.000695119
9 5 6 0.00850563
9 5 7 0.0383072
9 5 8 0.272872
9 5 9 0.0404671
9 5 10 0.0089854
9 5 11 0.000804029
9 5 12 3.01752e-05
9 5 13 3.12246e-07
9 5 14 1.98147e-09
9 5 15 9.48769e-12
9 6 0 0
9 6 1 3.31206e-13
9 6 2 1.1474e-10
9 6 3 1.02284e-09
9 6 4 1.29293e-05
9 6 5 0.000431821
9 6 6 0.00528319
9 6 7 0.0237519
9 6 8 0.043693
9 6 9 0.0242202
9 6 10 0.00557781
9 6 11 0.000499659
9 6 12 1.87616e-05
9 6 13 1.94554e-07
9 6 14 1.23746e-09
9 6 15 5.93951e-12
9 7 0 0
9 7 1 8.19203e-14
9 7 2 2.82738e-11
9 7 3 2.53032e-10
9 7 4 3.12023e-06
9 7 5 0.000104186
9 7 6 0.00127458
9 7 7 0.00573004
9 7 8 0.00955464
9 7 9 0.00583385
9 7 10 0.00134602
9 7 11 0.000120647
9 7 12 4.5359e-06
9 7 13 4.73111e-08
9 7 14 3.02863e-10
9 7 15 1.46284e-12
9 8 0 0
9 8 1 8.77436e-15
9 8 2 2.99259e-12
9 8 3 2.71212e-11
9 8 4 3.13436e-07
9 8 5 1.0458e-05
9 8 6 0.000127911
9 8 7 0.000575009
9 8 8 0.000953563
9 8 9 0.000585496
9 8 10 0.00013517
9 8 11 1.21313e-05
9 8 12 4.57437e-07
9 8 13 4.83587e-09
9 8 14 3.14164e-11
9 8 15 1.54103e-13
9 9 0 0
9 9 1 4.72477e-16
9 9 2 1.57731e-13
9 9 3 1.46242e-12
9 9 4 1.49925e-08
9 9 5 4.9946e-07
9 9 6 6.10594e-06
9 9 7 2.74451e-05
9 9 8 4.54933e-05
9 9 9 2.79572e-05
9 9 10 6.46067e-06
9 9 11 5.81272e-07
9 9 12 2.20426e-08
9 9 13 2.39006e-10
9 9 14 1.59567e-12
9 9 15 8.03073e-15
9 10 0 0
9 10 1 1.3331e-17
9 10 2 4.28101e-15
9 10 3 4.13727e-14
9 10 4 3.33843e-10
9 10 5 1.10793e-08
9 10 6 1.35285e-07
9 10 7 6.07891e-07
9 10 8 1.00773e-06
9 10 9 6.19825e-07
9 10 10 1.43555e-07
9 10 11 1.29888e-08
9 10 12 4.98881e-10
9 10 13 5.71291e-12
9 10 14 4.03495e-14
9 10 15 2.14673e-16
9 11 0 0
9 11 1 2.49028e-19
9 11 2 7.70777e-17
9 11 3 2.02688e-15
9 11 4 4.91463e-12
9 11 5 1.62258e-10
9 11 6 1.97798e-09
9 11 7 8.88376e-09
9 11 8 1.47289e-08
9 11 9 9.06734e-09
9 11 10 2.10527e-09
9 11 11 1.91684e-10
9 11 12 7.46673e-12
9 11 13 9.05328e-14
9 11 14 6.78898e-16
9 11 15 3.79424e-18
9 12 0 0
9 12 1 3.50281e-21
9 12 2 1.05079e-18
9 12 3 4.21697e-17
9 12 4 5.57253e-14
9 12 5 1.82845e-12
9 12 6 2.22447e-11
9 12 7 9.98493e-11
9 12 8 1.65561e-10
9 12 9 1.02013e-10
9 12 10 2.37457e-11
9 12 11 2.17594e-12
9 12 12 8.59749e-14
9 12 13 1.10111e-15
9 12 14 8.75193e-18
9 12 15 5.20656e-20
9 13 0 0
9 13 1 3.99712e-23
9 13 2 1.16897e-20
9 13 3 5.96607e-19
9 13 4 5.26806e-16
9 13 5 1.71676e-14
9 13 6 2.08389e-13
9 13 7 9.34752e-13
9 13 8 1.55002e-12
9 13 9 9.55911e-13
9 13 10 2.23075e-13
9 13 11 2.05726e-14
9 13 12 8.2436e-16
9 13 13 1.11152e-17
9 13 14 9.3364e-20
9 13 15 5.33435e-22
9 14 0 0
9 14 1 3.87932e-25
9 14 2 1.11203e-22
9 14 3 6.62299e-21
9 14 4 4.35072e-18
9 14 5 1.40769e-16
9 14 6 1.70462e-15
9 14 7 7.64062e-15
9 14 8 1.26704e-14
9 14 9 7.82074e-15
9 14 10 1.8297e-15
9 14 11 1.69812e-16
9 14 12 6.89905e-18
9 14 13 9.7616e-20
9 14 14 8.63798e-22
9 14 15 5.40457e-24
9 15 0 0
9 15 1 3.30646e-27
9 15 2 9.33579e-25
9 15 3 6.17952e-23
9 15 4 3.23431e-20
9 15 5 1.03894e-18
9 15 6 1.25502e-17
9 15 7 5.62115e-17
9 15 8 9.32192e-17
9 15 9 5.75886e-17
9 15 10 1.35071e-17
9 15 11 1.26148e-18
9 15 12 5.19497e-20
9 15 13 7.69092e-22
9 15 14 7.14878e-24
9 15 15 0
9 0 16 0
9 0 17 0
9 0 18 0
9 0 19 0
9 0 20 0
9 0 21 0
9 0 22 0
9 0 23 0
9 0 24 0
9 0 25 0
9 0 26 0
9 0 27 0
9 0 28 0
9 0 29 0
9 0 30 0
9 0 31 0
9 1 16 0
9 1 17 0
9 1 18 0
9 1 19 0
9 1 20 0
9 1 21 0
9 1 22 0
9 1 23 0
9 1 24 0
9 1 25 0
9 1 26 0
9 1 27 0
9 1 28 0
9 1 29 0
9 1 30 0
9 1 31 0
9 2 16 1.44524e-13
9 2 17 1.44524e-13
9 2 18 2.04444e-16
9 2 19 2.04444e-16
9 2 20 2.38214e-19
9 2 21 2.38214e-19
9 2 22 2.37788e-22
9 2 23 2.37788e-22
9 2 24 2.09161e-25
9 2 25 2.09161e-25
9 2 26 1.65531e-28
9 2 27 1.65531e-28
9 2 28 1.19746e-31
9 2 29 1.19746e-31
9 2 30 0
9 2 31 0
9 3 16 1.44524e-13
9 3 17 1.44524e-13
9 3 18 2.04444e-16
9 3 19 2.04444e-16
9 3 20 2.38214e-19
9 3 21 2.38214e-19
9 3 22 2.37788e-22
9 3 23 2.37788e-22
9 3 24 2.09161e-25
9 3 25 2.09161e-25
9 3 26 1.65531e-28
9 3 27 1.65531e-28
9 3 28 1.19746e-31
9 3 29 1.19746e-31
9 3 30 0
9 3 31 0
9 4 16 1.49887e-12
9 4 17 1.49887e-12
9 4 18 2.12626e-15
9 4 19 2.12626e-15
9 4 20 2.48227e-18
9 4 21 2.48227e-18
9 4 22 2.48137e-21
9 4 23 2.48137e-21
9 4 24 2.18506e-24
9 4 25 2.18506e-24
9 4 26 1.73083e-27
9 4 27 1.73083e-27
9 4 28 1.25303e-30
9 4 29 1.25303e-30
9 4 30 0
9 4 31 0
9 5 16 1.49887e-12
9 5 17 1.49887e-12
9 5 18 2.12626e-15
9 5 19 2.12626e-15
9 5 20 2.48227e-18
9 5 21 2.48227e-18
9 5 22 2.48137e-21
9 5 23 2.48137e-21
9 5 24 2.18506e-24
9 5 25 2.18506e-24
9 5 26 1.73083e-27
9 5 27 1.73083e-27
9 5 28 1.25303e-30
9 5 29 1.25303e-30
9 5 30 0
9 5 31 0
9 6 16 7.21011e-13
9 6 17 7.21011e-13
9 6 18 1.02051e-15
9 6 19 1.02051e-15
9 6 20 1.18987e-18
9 6 21 1.18987e-18
9 6 22 1.1886e-21
9 6 23 1.1886e-21
9 6 24 1.04627e-24
9 6 25 1.04627e-24
9 6 26 8.28655e-28
9 6 27 8.28655e-28
9 6 28 5.99915e-31
9 6 29 5.99915e-31
9 6 30 0
9 6 31 0
9 7 16 7.21011e-13
9 7 17 7.21011e-13
9 7 18 1.02051e-15
9 7 19 1.02051e-15
9 7 20 1.18987e-18
9 7 21 1.18987e-18
9 7 22 1.1886e-21
9 7 23 1.1886e-21
9 7 24 1.04627e-24
9 7 25 1.04627e-24
9 7 26 8.28655e-28
9 7 27 8.28655e-28
9 7 28 5.99915e-31
9 7 29 5.99915e-31
9 7 30 0
9 7 31 0
9 8 16 1.62685e-14
9 8 17 1.62685e-14
9 8 18 2.38155e-17
9 8 19 2.38155e-17
9 8 20 2.85001e-20
9 8 21 2.85001e-20
9 8 22 2.90934e-23
9 8 23 2.90934e-23
9 8 24 2.61008e-26
9 8 25 2.61008e-26
9 8 26 2.1031e-29
9 8 27 2.1031e-29
9 8 28 1.54707e-32
9 8 29 1.54707e-32
9 8 30 0
9 8 31 0
9 9 16 1.62685e-14
9 9 17 1.62685e-14
9 9 18 2.38155e-17
9 9 19 2.38155e-17
9 9 20 2.85001e-20
9 9 21 2.85001e-20
9 9 22 2.90934e-23
9 9 23 2.90934e-23
9 9 24 2.61008e-26
9 9 25 2.61008e-26
9 9 26 2.1031e-29
9 9 27 2.1031e-29
9 9 28 1.54707e-32
9 9 29 1.54707e-32
9 9 30 0
9 9 31 0
9 10 16 4.90588e-17
9 10 17 4.90588e-17
9 10 18 9.82429e-20
9 10 19 9.82429e-20
9 10 20 1.40245e-22
9 10 21 1.40245e-22
9 10 22 1.61297e-25
9 10 23 1.61297e-25
9 10 24 1.58249e-28
9 10 25 1.58249e-28
9 10 26 1.36991e-31
9 10 27 1.36991e-31
9 10 28 1.07019e-34
9 10 29 1.07019e-34
9 10 30 0
9 10 31 0
9 11 16 4.90588e-17
9 11 17 4.90588e-17
9 11 18 9.82429e-20
9 11 19 9.82429e-20
9 11 20 1.40245e-22
9 11 21 1.40245e-22
9 11 22 1.61297e-25
9 11 23 1.61297e-25
9 11 24 1.58249e-28
9 11 25 1.58249e-28
9 11 26 1.36991e-31
9 11 27 1.36991e-31
9 11 28 1.07019e-34
9 11 29 1.07019e-34
9 11 30 0
9 11 31 0
9 12 16 9.04531e-20
9 12 17 9.04531e-20
9 12 18 2.43104e-22
9 12 19 2.43104e-22
9 12 20 4.07554e-25
9 12 21 4.07554e-25
9 12 22 5.23825e-28
9 12 23 5.23825e-28
9 12 24 5.59838e-31
9 12 25 5.59838e-31
9 12 26 5.19849e-34
9 12 27 5.19849e-34
9 12 28 4.3119e-37
9 12 29 4.3119e-37
9 12 30 0
9 12 31 0
9 13 16 9.04531e-20
9 13 17 9.04531e-20
9 13 18 2.43104e-22
9 13 19 2.43104e-22
9 13 20 4.07554e-25
9 13 21 4.07554e-25
9 13 22 5.23825e-28
9 13 23 5.23825e-28
9 13 24 5.59838e-31
9 13 25 5.59838e-31
9 13 26 5.19849e-34
9 13 27 5.19849e-34
9 13 28 4.3119e-37
9 13 29 4.3119e-37
9 13 30 0
9 13 31 0
9 14 16 1.42365e-22
9 14 17 1.42365e-22
9 14 18 4.66057e-25
9 14 19 4.66057e-25
9 14 20 8.86436e-28
9 14 21 8.86436e-28
9 14 22 1.25169e-30
9 14 23 1.25169e-30
9 14 24 1.44296e-33
9 14 25 1.44296e-33
9 14 26 1.42837e-36
9 14 27 1.42837e-36
9 14 28 1.25275e-39
9 14 29 1.25275e-39
9 14 30 0
9 14 31 0
9 15 16 1.42365e-22
9 15 17 1.42365e-22
9 15 18 4.66057e-25
9 15 19 4.66057e-25
9 15 20 8.86436e-28
9 15 21 8.86436e-28
9 15 22 1.25169e-30
9 15 23 1.25169e-30
9 15 24 1.44296e-33
9 15 25 1.44296e-33
9 15 26 1.42837e-36
9 15 27 1.42837e-36
9 15 28 1.25275e-39
9 15 29 1.25275e-39
9 15 30 0
9 15 31 0
9 16 0 0
9 16 1 5.18265e-30
9 16 2 1.7759e-27
9 16 3 1.4705e-25
9 16 4 1.03342e-22
9 16 5 3.34155e-21
9 16 6 4.043e-20
9 16 7 1.8116e-19
9 16 8 3.00426e-19
9 16 9 1.8552e-19
9 16 10 4.34179e-20
9 16 11 5.04345e-22
9 16 12 1.8803e-22
9 16 13 3.16523e-24
9 16 14 2.44432e-25
9 16 15 2.19787e-26
9 17 0 0
9 17 1 1.66615e-32
9 17 2 8.31108e-30
9 17 3 3.13385e-28
9 17 4 5.76938e-25
9 17 5 1.89917e-23
9 17 6 2.31297e-22
9 17 7 1.03906e-21
9 17 8 1.72533e-21
9 17 9 1.06592e-21
9 17 10 2.46856e-22
9 17 11 0
9 17 12 1.42688e-24
9 17 13 5.34985e-25
9 17 14 1.4972e-25
9 17 15 1.41501e-26
9 18 0 0
9 18 1 4.11582e-35
9 18 2 3.95444e-32
9 18 3 0
9 18 4 3.04909e-27
9 18 5 1.02025e-25
9 18 6 1.24972e-24
9 18 7 5.62044e-24
9 18 8 9.25864e-24
9 18 9 5.28351e-24
9 18 10 2.8052e-25
9 18 11 0
9 18 12 0
9 18 13 6.84434e-26
9 18 14 3.07715e-26
9 18 15 3.2594e-27
9 19 0 0
9 19 1 1.94365e-38
9 19 2 1.9279e-34
9 19 3 0
9 19 4 1.53824e-29
9 19 5 5.22496e-28
9 19 6 6.40918e-27
9 19 7 2.81109e-26
9 19 8 3.57037e-26
9 19 9 0
9 19 10 0
9 19 11 0
9 19 12 0
9 19 13 0
9 19 14 1.63768e-27
9 19 15 2.77434e-28
9 20 0 0
9 20 1 0
9 20 2 9.52908e-37
9 20 3 0
9 20 4 7.45228e-32
9 20 5 2.5597e-30
9 20 6 3.02017e-29
9 20 7 8.77213e-29
9 20 8 0
9 20 9 0
9 20 10 0
9 20 11 0
9 20 12 0
9 20 13 0
9 20 14 0
9 20 15 8.82224e-30
9 21 0 0
9 21 1 0
9 21 2 4.70048e-39
9 21 3 0
9 21 4 3.4759e-34
9 21 5 1.18796e-32
9 21 6 1.04978e-31
9 21 7 0
9 21 8 0
9 21 9 0
9 21 10 0
9 21 11 0
9 21 12 0
9 21 13 0
9 21 14 0
9 21 15 3.63619e-32
9 22 0 0
9 22 1 0
9 22 2 2.27702e-41
9 22 3 0
9 22 4 1.55499e-36
9 22 5 4.9903e-35
9 22 6 0
9 22 7 0
9 22 8 0
9 22 9 0
9 22 10 0
9 22 11 0
9 22 12 0
9 22 13 0
9 22 14 0
9 22 15 0
9 23 0 0
9 23 1 0
9 23 2 1.05802e-43
9 23 3 0
9 23 4 6.5694e-39
9 23 5 1.60452e-37
9 23 6 0
9 23 7 0
9 23 8 0
9 23 9 0
9 23 10 0
9 23 11 0
9 23 12 0
9 23 13 0
9 23 14 0
9 23 15 0
9 24 0 0
9 24 1 0
9 24 2 4.53488e-46
9 24 3 0
9 24 4 2.51665e-41
9 24 5 4.65661e-41
9 24 6 0
9 24 7 0
9 24 8 0
9 24 9 0
9 24 10 0
9 24 11 0
9 24 12 0
9 24 13 0
9 24 14 0
9 24 15 0
9 25 0 0
9 25 1 0
9 25 2 1.65014e-48
9 25 3 0
9 25 4 7.65832e-44
9 25 5 0
9 25 6 0
9 25 7 0
9 25 8 0
9 25 9 0
9 25 10 0
9 25 11 0
9 25 12 0
9 25 13 0
9 25 14 0
9 25 15 0
9 26 0 0
9 26 1 0
9 26 2 3.80795e-51
9 26 3 0
9 26 4 7.61331e-47
9 26 5 0
9 26 6 0
9 26 7 0
9 26 8 0
9 26 9 0
9 26 10 0
9 26 11 0
9 26 12 0
9 26 13 0
9 26 14 0
9 26 15 0
9 27 0 0
9 27 1 0
9 27 2 0
9 27 3 0
9 27 4 0
9 27 5 0
9 27 6 0
9 27 7 0
9 27 8 0
9 27 9 0
9 27 10 0
9 27 11 0
9 27 12 0
9 27 13 0
9 27 14 0
9 27 15 0
9 28 0 0
9 28 1 0
9 28 2 0
9 28 3 0
9 28 4 0
9 28 5 0
9 28 6 0
9 28 7 0
9 28 8 0
9 28 9 0
9 28 10 0
9 28 11 0
9 28 12 0
9 28 13 0
9 28 14 0
9 28 15 0
9 29 0 0
9 29 1 0
9 29 2 0
9 29 3 0
9 29 4 0
9 29 5 0
9 29 6 0
9 29 7 0
9 29 8 0
9 29 9 0
9 29 10 0
9 29 11 0
9 29 12 0
9 29 13 0
9 29 14 0
9 29 15 0
9 30 0 0
9 30 1 0
9 30 2 0
9 30 3 0
9 30 4 0
9 30 5 0
9 30 6 0
9 30 7 0
9 30 8 0
9 30 9 0
9 30 10 0
9 30 11 0
9 30 12 0
9 30 13 0
9 30 14 0
9 30 15 0
9 31 0 0
9 31 1 0
9 31 2 0
9 31 3 0
9 31 4 0
9 31 5 0
9 31 6 0
9 31 7 0
9 31 8 0
9 31 9 0
9 31 10 0
9 31 11 0
9 31 12 0
9 31 13 0
9 31 14 0
9 31 15 0
9 16 16 2.85775e-25
9 16 17 2.86858e-25
9 16 18 1.48792e-27
9 16 19 7.37069e-28
9 16 20 2.93078e-30
9 16 21 1.12039e-30
9 16 22 3.89938e-33
9 16 23 1.28256e-33
9 16 24 4.09013e-36
9 16 25 1.21234e-36
9 16 26 3.62687e-39
9 16 27 9.93079e-40
9 16 28 2.82786e-42
9 16 29 7.26219e-43
9 16 30 1.50886e-45
9 16 31 0
9 17 16 1.40321e-27
9 17 17 1.40111e-27
9 17 18 1.03997e-29
9 17 19 3.37772e-30
9 17 20 2.08763e-32
9 17 21 4.87873e-33
9 17 22 2.74615e-35
9 17 23 5.36119e-36
9 17 24 2.83397e-38
9 17 25 4.90349e-39
9 17 26 2.4737e-41
9 17 27 3.91084e-42
9 17 28 1.90216e-44
9 17 29 2.7983e-45
9 17 30 1.14308e-47
9 17 31 0
9 18 16 9.20468e-30
9 18 17 6.61225e-30
9 18 18 6.29453e-32
9 18 19 1.51047e-32
9 18 20 1.24617e-34
9 18 21 2.08845e-35
9 18 22 1.59853e-37
9 18 23 2.21487e-38
9 18 24 1.61058e-40
9 18 25 1.96802e-41
9 18 26 1.37688e-43
9 18 27 1.53296e-44
9 18 28 1.04028e-46
9 18 29 1.0758e-47
9 18 30 6.46121e-50
9 18 31 0
9 19 16 2.1406e-31
9 19 17 3.06395e-32
9 19 18 3.49337e-34
9 19 19 6.61398e-35
9 19 20 6.74668e-37
9 19 21 8.8095e-38
9 19 22 8.42198e-40
9 19 23 9.05831e-41
9 19 24 8.28123e-43
9 19 25 7.85501e-44
9 19 26 7.04484e-46
9 19 27 6.03241e-47
9 19 28 5.19162e-49
9 19 29 4.13111e-50
9 19 30 3.23262e-52
9 19 31 0
9 20 16 3.40856e-33
9 20 17 1.42526e-34
9 20 18 1.8303e-36
9 20 19 2.84387e-37
9 20 20 3.42457e-39
9 20 21 3.66844e-40
9 20 22 6.46717e-43
9 20 23 3.82671e-43
9 20 24 4.68516e-45
9 20 25 5.1959e-46
9 20 26 2.37045e-47
9 20 27 1.01101e-48
9 20 28 9.28029e-51
9 20 29 1.96876e-52
9 20 30 1.67728e-54
9 20 31 0
9 21 16 1.2032e-35
9 21 17 6.36014e-37
9 21 18 9.14194e-39
9 21 19 1.20353e-39
9 21 20 1.65845e-41
9 21 21 1.50727e-42
9 21 22 1.21301e-45
9 21 23 1.91484e-45
9 21 24 5.16441e-46
9 21 25 1.40858e-46
9 21 26 1.30848e-47
9 21 27 4.88504e-49
9 21 28 4.32315e-51
9 21 29 2.48657e-53
9 21 30 1.12531e-55
9 21 31 0
9 22 16 4.24834e-38
9 22 17 2.75169e-39
9 22 18 4.3894e-41
9 22 19 5.02258e-42
9 22 20 7.70341e-44
9 22 21 5.23877e-45
9 22 22 0
9 22 23 0
9 22 24 7.41428e-47
9 22 25 3.00733e-47
9 22 26 3.06348e-48
9 22 27 1.18912e-49
9 22 28 1.06381e-51
9 22 29 6.03971e-54
9 22 30 2.65674e-56
9 22 31 0
9 23 16 1.50011e-40
9 23 17 1.1618e-41
9 23 18 2.03922e-43
9 23 19 2.06923e-44
9 23 20 2.90252e-46
9 23 21 0
9 23 22 0
9 23 23 0
9 23 24 0
9 23 25 1.83638e-48
9 23 26 2.74632e-49
9 23 27 1.21759e-50
9 23 28 1.12183e-52
9 23 29 6.50208e-55
9 23 30 2.91074e-57
9 23 31 0
9 24 16 5.29631e-43
9 24 17 4.80794e-44
9 24 18 9.21322e-46
9 24 19 8.37108e-47
9 24 20 0
9 24 21 0
9 24 22 0
9 24 23 0
9 24 24 0
9 24 25 0
9 24 26 9.72471e-51
9 24 27 6.0092e-52
9 24 28 5.85746e-54
9 24 29 3.5269e-56
9 24 30 1.63038e-58
9 24 31 0
9 25 16 1.8694e-45
9 25 17 1.95632e-46
9 25 18 4.0633e-48
9 25 19 3.15481e-49
9 25 20 0
9 25 21 0
9 25 22 0
9 25 23 0
9 25 24 0
9 25 25 0
9 25 26 4.58963e-53
9 25 27 1.41596e-53
9 25 28 1.55385e-55
9 25 29 1.00707e-57
9 25 30 4.93688e-60
9 25 31 0
9 26 16 6.59552e-48
9 26 17 7.84475e-49
9 26 18 1.75342e-50
9 26 19 7.89645e-52
9 26 20 0
9 26 21 0
9 26 22 0
9 26 23 0
9 26 24 0
9 26 25 0
9 26 26 0
9 26 27 2.08894e-55
9 26 28 2.68535e-57
9 26 29 1.90192e-59
9 26 30 9.98604e-62
9 26 31 0
9 27 16 2.32572e-50
9 27 17 3.10573e-51
9 27 18 7.40628e-53
9 27 19 0
9 27 20 0
9 27 21 0
9 27 22 0
9 27 23 0
9 27 24 0
9 27 25 0
9 27 26 0
9 27 27 2.1682e-57
9 27 28 3.44108e-59
9 27 29 2.69336e-61
9 27 30 1.52257e-63
9 27 31 0
9 28 16 8.19559e-53
9 28 17 1.21568e-53
9 28 18 3.05429e-55
9 28 19 0
9 28 20 0
9 28 21 0
9 28 22 0
9 28 23 0
9 28 24 0
9 28 25 0
9 28 26 0
9 28 27 1.61901e-59
9 28 28 3.50717e-61
9 28 29 3.07316e-63
9 28 30 1.87853e-65
9 28 31 0
9 29 16 2.88587e-55
9 29 17 4.71046e-56
9 29 18 1.22118e-57
9 29 19 0
9 29 20 0
9 29 21 0
9 29 22 0
9 29 23 0
9 29 24 0
9 29 25 0
9 29 26 0
9 29 27 8.29546e-62
9 29 28 2.96937e-63
9 29 29 2.95631e-65
9 29 30 1.96231e-67
9 29 31 0
9 30 16 1.01533e-57
9 30 17 1.80852e-58
9 30 18 4.66763e-60
9 30 19 0
9 30 20 0
9 30 21 0
9 30 22 0
9 30 23 0
9 30 24 0
9 30 25 0
9 30 26 0
9 30 27 8.85251e-65
9 30 28 2.12412e-65
9 30 29 2.46694e-67
9 30 30 1.78872e-69
9 30 31 0
9 31 16 3.56902e-60
9 31 17 6.88592e-61
9 31 18 1.6593e-62
9 31 19 0
9 31 20 0
9 31 21 0
9 31 22 0
9 31 23 0
9 31 24 0
9 31 25 0
9 31 26 0
9 31 27 0
9 31 28 1.28334e-67
9 31 29 1.81963e-69
9 31 30 1.45325e-71
9 31 31 0
9 32 0 0
9 32 1 0
9 32 2 2.20487e-68
9 32 3 2.20487e-68
9 32 4 5.52273e-68
9 32 5 5.52273e-68
9 32 6 2.39832e-70
9 32 7 2.39832e-70
9 32 8 5.45325e-73
9 32 9 5.45325e-73
9 32 10 0
9 32 11 0
9 32 12 1.496e-71
9 32 13 1.496e-71
9 32 14 0
9 32 15 0
9 33 0 0
9 33 1 0
9 33 2 2.20487e-68
9 33 3 2.20487e-68
9 33 4 5.52273e-68
9 33 5 5.52273e-68
9 33 6 2.39832e-70
9 33 7 2.39832e-70
9 33 8 5.45325e-73
9 33 9 5.45325e-73
9 33 10 0
9 33 11 0
9 33 12 1.496e-71
9 33 13 1.496e-71
9 33 14 0
9 33 15 0
9 34 0 0
9 34 1 0
9 34 2 1.48584e-70
9 34 3 1.48584e-70
9 34 4 4.09573e-70
9 34 5 4.09573e-70
9 34 6 1.85878e-72
9 34 7 1.85878e-72
9 34 8 4.40913e-75
9 34 9 4.40913e-75
9 34 10 0
9 34 11 0
9 34 12 1.64259e-74
9 34 13 1.64259e-74
9 34 14 0
9 34 15 0
9 35 0 0
9 35 1 0
9 35 2 1.48584e-70
9 35 3 1.48584e-70
9 35 4 4.09573e-70
9 35 5 4.09573e-70
9 35 6 1.85878e-72
9 35 7 1.85878e-72
9 35 8 4.40913e-75
9 35 9 4.40913e-75
9 35 10 0
9 35 11 0
9 35 12 1.64259e-74
9 35 13 1.64259e-74
9 35 14 0
9 35 15 0
9 36 0 0
9 36 1 0
9 36 2 5.26065e-73
9 36 3 5.26065e-73
9 36 4 1.58602e-72
9 36 5 1.58602e-72
9 36 6 7.50911e-75
9 36 7 7.50911e-75
9 36 8 1.85522e-77
9 36 9 1.85522e-77
9 36 10 2.30676e-80
9 36 11 2.30676e-80
9 36 12 1.31831e-77
9 36 13 1.31831e-77
9 36 14 0
9 36 15 0
9 37 0 0
9 37 1 0
9 37 2 5.26065e-73
9 37 3 5.26065e-73
9 37 4 1.58602e-72
9 37 5 1.58602e-72
9 37 6 7.50911e-75
9 37 7 7.50911e-75
9 37 8 1.85522e-77
9 37 9 1.85522e-77
9 37 10 2.30676e-80
9 37 11 2.30676e-80
9 37 12 1.31831e-77
9 37 13 1.31831e-77
9 37 14 0
9 37 15 0
9 38 0 0
9 38 1 0
9 38 2 1.30171e-75
9 38 3 1.30171e-75
9 38 4 4.26836e-75
9 38 5 4.26836e-75
9 38 6 2.10489e-77
9 38 7 2.10489e-77
9 38 8 5.40846e-80
9 38 9 5.40846e-80
9 38 10 8.82911e-83
9 38 11 8.82911e-83
9 38 12 9.32002e-81
9 38 13 9.32002e-81
9 38 14 0
9 38 15 0
9 39 0 0
9 39 1 0
9 39 2 1.30171e-75
9 39 3 1.30171e-75
9 39 4 4.26836e-75
9 39 5 4.26836e-75
9 39 6 2.10489e-77
9 39 7 2.10489e-77
9 39 8 5.40846e-80
9 39 9 5.40846e-80
9 39 10 8.82911e-83
9 39 11 8.82911e-83
9 39 12 9.32002e-81
9 39 13 9.32002e-81
9 39 14 0
9 39 15 0
9 40 0 0
9 40 1 0
9 40 2 2.52715e-78
9 40 3 2.52715e-78
9 40 4 8.96688e-78
9 40 5 8.96688e-78
9 40 6 4.59888e-80
9 40 7 4.59888e-80
9 40 8 1.22727e-82
9 40 9 1.22727e-82
9 40 10 2.2021e-85
9 40 11 2.2021e-85
9 40 12 6.16173e-84
9 40 13 6.16173e-84
9 40 14 0
9 40 15 0
9 41 0 0
9 41 1 0
9 41 2 2.52715e-78
9 41 3 2.52715e-78
9 41 4 8.96688e-78
9 41 5 8.96688e-78
9 41 6 4.59888e-80
9 41 7 4.59888e-80
9 41 8 1.22727e-82
9 41 9 1.22727e-82
9 41 10 2.2021e-85
9 41 11 2.2021e-85
9 41 12 6.16173e-84
9 41 13 6.16173e-84
9 41 14 0
9 41 15 0
9 42 0 0
9 42 1 0
9 42 2 4.09803e-81
9 42 3 4.09803e-81
9 42 4 1.56614e-80
9 42 5 1.56614e-80
9 42 6 8.34233e-83
9 42 7 8.34233e-83
9 42 8 2.30922e-85
9 42 9 2.30922e-85
9 42 10 4.37163e-88
9 42 11 4.37163e-88
9 42 12 3.91081e-87
9 42 13 3.91081e-87
9 42 14 0
9 42 15 0
9 43 0 0
9 43 1 0
9 43 2 4.09803e-81
9 43 3 4.09803e-81
9 43 4 1.56614e-80
9 43 5 1.56614e-80
9 43 6 8.34233e-83
9 43 7 8.34233e-83
9 43 8 2.30922e-85
9 43 9 2.30922e-85
9 43 10 4.37163e-88
9 43 11 4.37163e-88
9 43 12 3.91081e-87
9 43 13 3.91081e-87
9 43 14 0
9 43 15 0
9 44 0 0
9 44 1 0
9 44 2 5.77174e-84
9 44 3 5.77174e-84
9 44 4 2.36568e-83
9 44 5 2.36568e-83
9 44 6 1.3071e-85
9 44 7 1.3071e-85
9 44 8 3.74853e-88
9 44 9 3.74853e-88
9 44 10 7.39245e-91
9 44 11 7.39245e-91
9 44 12 2.41457e-90
9 44 13 2.41457e-90
9 44 14 0
9 44 15 0
9 45 0 0
9 45 1 0
9 45 2 5.77174e-84
9 45 3 5.77174e-84
9 45 4 2.36568e-83
9 45 5 2.36568e-83
9 45 6 1.3071e-85
9 45 7 1.3071e-85
9 45 8 3.74853e-88
9 45 9 3.74853e-88
9 45 10 7.39245e-91
9 45 11 7.39245e-91
9 45 12 2.41457e-90
9 45 13 2.41457e-90
9 45 14 0
9 45 15 0
9 46 0 0
9 46 1 0
9 46 2 7.25023e-87
9 46 3 7.25023e-87
9 46 4 3.17468e-86
9 46 5 3.17468e-86
9 46 6 1.81732e-88
9 46 7 1.81732e-88
9 46 8 5.3936e-91
9 46 9 5.3936e-91
9 46 10 1.10254e-93
9 46 11 1.10254e-93
9 46 12 1.46068e-93
9 46 13 1.46068e-93
9 46 14 0
9 46 15 0
9 47 0 0
9 47 1 0
9 47 2 7.25023e-87
9 47 3 7.25023e-87
9 47 4 3.17468e-86
9 47 5 3.17468e-86
9 47 6 1.81732e-88
9 47 7 1.81732e-88
9 47 8 5.3936e-91
9 47 9 5.3936e-91
9 47 10 1.10254e-93
9 47 11 1.10254e-93
9 47 12 1.46068e-93
9 47 13 1.46068e-93
9 47 14 0
9 47 15 0
9 32 16 4.85063e-64
9 32 17 2.62679e-64
9 32 18 6.60019e-66
9 32 19 1.32725e-68
9 32 20 2.64885e-71
9 32 21 5.25077e-74
9 32 22 1.03456e-76
9 32 23 2.02732e-79
9 32 24 3.95337e-82
9 32 25 8.71469e-85
9 32 26 0
9 32 27 1.27583e-79
9 32 28 0
9 32 29 1.56627e-73
9 32 30 1.81354e-75
9 32 31 0
9 33 16 1.73792e-66
9 33 17 9.73326e-67
9 33 18 2.61927e-68
9 33 19 1.00764e-70
9 33 20 2.96054e-73
9 33 21 7.73367e-76
9 33 22 1.88836e-78
9 33 23 4.41013e-81
9 33 24 9.97598e-84
9 33 25 2.37848e-86
9 33 26 0
9 33 27 1.29499e-81
9 33 28 0
9 33 29 5.29926e-76
9 33 30 7.16826e-78
9 33 31 0
9 34 16 6.21028e-69
9 34 17 3.58664e-69
9 34 18 1.02862e-70
9 34 19 5.70334e-73
9 34 20 2.19552e-75
9 34 21 7.09027e-78
9 34 22 2.06065e-80
9 34 23 5.57824e-83
9 34 24 1.4343e-85
9 34 25 3.72469e-88
9 34 26 0
9 34 27 8.76288e-84
9 34 28 0
9 34 29 1.79293e-78
9 34 30 2.77385e-80
9 34 31 0
9 35 16 2.21354e-71
9 35 17 1.31491e-71
9 35 18 4.00185e-73
9 35 19 2.85363e-75
9 35 20 1.35084e-77
9 35 21 5.18058e-80
9 35 22 1.74308e-82
9 35 23 5.35957e-85
9 35 24 1.5424e-87
9 35 25 4.35953e-90
9 35 26 0
9 35 27 4.94136e-86
9 35 28 0
9 35 29 6.06607e-81
9 35 30 1.05619e-82
9 35 31 0
9 36 16 7.87047e-74
9 36 17 4.79787e-74
9 36 18 1.54384e-75
9 36 19 1.33169e-77
9 36 20 7.44938e-80
9 36 21 3.30032e-82
9 36 22 1.25983e-84
9 36 23 4.33255e-87
9 36 24 1.37866e-89
9 36 25 4.22594e-92
9 36 26 0
9 36 27 2.50777e-88
9 36 28 0
9 36 29 2.05235e-83
9 36 30 3.97088e-85
9 36 31 0
9 37 16 2.79187e-76
9 37 17 1.74299e-76
9 37 18 5.91053e-78
9 37 19 5.93746e-80
9 37 20 3.81942e-82
9 37 21 1.91587e-84
9 37 22 8.17078e-87
9 37 23 3.10489e-89
9 37 24 1.0818e-91
9 37 25 3.57994e-94
9 37 26 0
9 37 27 1.18786e-90
9 37 28 8.44512e-113
9 37 29 6.94374e-86
9 37 30 1.4777e-87
9 37 31 0
9 38 16 9.88121e-79
9 38 17 6.30624e-79
9 38 18 2.24713e-80
9 38 19 2.56225e-82
9 38 20 1.85829e-84
9 38 21 1.03941e-86
9 38 22 4.89306e-89
9 38 23 2.03456e-91
9 38 24 7.69935e-94
9 38 25 2.73803e-96
9 38 26 0
9 38 27 5.35863e-93
9 38 28 9.46798e-111
9 38 29 2.34928e-88
9 38 30 5.45289e-90
9 38 31 0
9 39 16 3.48971e-81
9 39 17 2.27299e-81
9 39 18 8.48919e-83
9 39 19 1.07864e-84
9 39 20 8.68884e-87
9 39 21 5.35477e-89
9 39 22 2.75554e-91
9 39 23 1.24369e-93
9 39 24 5.07744e-96
9 39 25 1.93182e-98
9 39 26 0
9 39 27 2.33103e-95
9 39 28 2.43475e-109
9 39 29 7.94829e-91
9 39 30 1.99801e-92
9 39 31 0
9 40 16 1.2299e-83
9 40 17 8.16377e-84
9 40 18 3.18838e-85
9 40 19 4.45239e-87
9 40 20 3.93724e-89
9 40 21 2.64786e-91
9 40 22 1.47761e-93
9 40 23 7.19043e-96
9 40 24 3.14844e-98
9 40 25 1.27545e-100
9 40 26 4.2907e-105
9 40 27 9.85838e-98
9 40 28 2.64014e-108
9 40 29 2.68913e-93
9 40 30 7.27711e-95
9 40 31 0
9 41 16 4.3261e-86
9 41 17 2.92248e-86
9 41 18 1.19107e-87
9 41 19 1.80854e-89
9 41 20 1.73925e-91
9 41 21 1.26635e-93
9 41 22 7.61139e-96
9 41 23 3.96869e-98
9 41 24 1.84142e-100
9 41 25 1.63185e-102
9 41 26 3.01093e-104
9 41 27 4.0767e-100
9 41 28 1.13409e-107
9 41 29 9.09805e-96
9 41 30 2.6368e-97
9 41 31 0
9 42 16 1.51881e-88
9 42 17 1.04298e-88
9 42 18 4.42744e-90
9 42 19 7.24785e-92
9 42 20 7.52211e-94
9 42 21 5.88994e-96
9 42 22 7.15122e-99
9 42 23 4.93285e-100
9 42 24 9.08551e-102
9 42 25 2.13618e-102
9 42 26 2.00181e-103
9 42 27 1.66297e-102
9 42 28 1.86351e-107
9 42 29 3.0781e-98
9 42 30 9.51138e-100
9 42 31 0
9 43 16 5.32263e-91
9 43 17 3.7115e-91
9 43 18 1.63821e-92
9 43 19 2.87136e-94
9 43 20 3.19545e-96
9 43 21 2.67247e-98
9 43 22 0
9 43 23 8.3531e-102
9 43 24 5.24737e-102
9 43 25 1.42524e-102
9 43 26 1.32276e-103
9 43 27 1.15293e-104
9 43 28 1.16826e-107
9 43 29 1.0414e-100
9 43 30 3.41742e-102
9 43 31 0
9 44 16 1.86211e-93
9 44 17 1.31721e-93
9 44 18 6.03577e-95
9 44 19 1.12622e-96
9 44 20 1.33629e-98
9 44 21 1.10247e-100
9 44 22 0
9 44 23 0
9 44 24 8.19865e-103
9 44 25 3.1022e-103
9 44 26 3.11247e-104
9 44 27 1.225e-105
9 44 28 2.8845e-108
9 44 29 3.52329e-103
9 44 30 1.2236e-104
9 44 31 0
9 45 16 6.50385e-96
9 45 17 4.66296e-96
9 45 18 2.21499e-97
9 45 19 4.37863e-99
9 45 20 5.45757e-101
9 45 21 0
9 45 22 0
9 45 23 0
9 45 24 0
9 45 25 1.9776e-104
9 45 26 2.82112e-105
9 45 27 1.23185e-106
9 45 28 3.04921e-109
9 45 29 1.19201e-105
9 45 30 4.36749e-107
9 45 31 0
9 46 16 2.26808e-98
9 46 17 1.64681e-98
9 46 18 8.09849e-100
9 46 19 1.68854e-101
9 46 20 1.79481e-103
9 46 21 0
9 46 22 0
9 46 23 0
9 46 24 0
9 46 25 0
9 46 26 1.02674e-106
9 46 27 6.10483e-108
9 46 28 1.59909e-110
9 46 29 4.03316e-108
9 46 30 1.5546e-109
9 46 31 0
9 47 16 7.89768e-101
9 47 17 5.80308e-101
9 47 18 2.95076e-102
9 47 19 6.44702e-104
9 47 20 0
9 47 21 0
9 47 22 0
9 47 23 0
9 47 24 0
9 47 25 0
9 47 26 4.56258e-109
9 47 27 1.44997e-109
9 47 28 1.37561e-111
9 47 29 1.36539e-110
9 47 30 5.52009e-112
9 47 31 0
9 48 0 0
9 48 1 0
9 48 2 9.3071e-90
9 48 3 9.28583e-90
9 48 4 4.67791e-89
9 48 5 4.69228e-89
9 48 6 3.24973e-91
9 48 7 2.13241e-91
9 48 8 9.96301e-94
9 48 9 5.10403e-94
9 48 10 1.97536e-96
9 48 11 8.53401e-97
9 48 12 1.51876e-97
9 48 13 2.60261e-98
9 48 14 1.17252e-99
9 48 15 2.75281e-101
9 49 0 0
9 49 1 0
9 49 2 3.95968e-92
9 49 3 3.94095e-92
9 49 4 2.06703e-91
9 49 5 2.07938e-91
9 49 6 1.86058e-93
9 49 7 9.01573e-94
9 49 8 6.08121e-96
9 49 9 2.07918e-96
9 49 10 1.23035e-98
9 49 11 3.3199e-99
9 49 12 3.98212e-100
9 49 13 0
9 49 14 2.14834e-101
9 49 15 1.80293e-101
9 50 0 0
9 50 1 0
9 50 2 1.64764e-94
9 50 3 1.63557e-94
9 50 4 8.90084e-94
9 50 5 8.97868e-94
9 50 6 9.78383e-96
9 50 7 3.74215e-96
9 50 8 3.26857e-98
9 50 9 8.36016e-99
9 50 10 6.29408e-101
9 50 11 0
9 50 12 0
9 50 13 0
9 50 14 0
9 50 15 2.84663e-102
9 51 0 0
9 51 1 0
9 51 2 6.72655e-97
9 51 3 6.65889e-97
9 51 4 3.74876e-96
9 51 5 3.79157e-96
9 51 6 4.84911e-98
9 51 7 1.52869e-98
9 51 8 1.62816e-100
9 51 9 3.32119e-101
9 51 10 0
9 51 11 0
9 51 12 0
9 51 13 0
9 51 14 0
9 51 15 0
9 52 0 0
9 52 1 0
9 52 2 2.70119e-99
9 52 3 2.66628e-99
9 52 4 1.54878e-98
9 52 5 1.57049e-98
9 52 6 2.29877e-100
9 52 7 6.15868e-101
9 52 8 7.69861e-103
9 52 9 1.29198e-103
9 52 10 0
9 52 11 0
9 52 12 0
9 52 13 0
9 52 14 0
9 52 15 0
9 53 0 0
9 53 1 0
9 53 2 1.06918e-101
9 53 3 1.05216e-101
9 53 4 6.29181e-101
9 53 5 6.39602e-101
9 53 6 1.05214e-102
9 53 7 2.45113e-103
9 53 8 3.50142e-105
9 53 9 4.5762e-106
9 53 10 0
9 53 11 0
9 53 12 0
9 53 13 0
9 53 14 0
9 53 15 0
9 54 0 0
9 54 1 0
9 54 2 4.17844e-104
9 54 3 4.09899e-104
9 54 4 2.5183e-103
9 54 5 2.5663e-103
9 54 6 4.67939e-105
9 54 7 9.65107e-106
9 54 8 1.54366e-107
9 54 9 8.77715e-109
9 54 10 0
9 54 11 0
9 54 12 0
9 54 13 0
9 54 14 0
9 54 15 0
9 55 0 0
9 55 1 0
9 55 2 1.61462e-106
9 55 3 1.57874e-106
9 55 4 9.94737e-106
9 55 5 1.01615e-105
9 55 6 2.03176e-107
9 55 7 3.76392e-108
9 55 8 6.62339e-110
9 55 9 0
9 55 10 0
9 55 11 0
9 55 12 0
9 55 13 0
9 55 14 0
9 55 15 0
9 56 0 0
9 56 1 0
9 56 2 6.17654e-109
9 56 3 6.01881e-109
9 56 4 3.88319e-108
9 56 5 3.97622e-108
9 56 6 8.64284e-110
9 56 7 1.45549e-110
9 56 8 2.76796e-112
9 56 9 0
9 56 10 0
9 56 11 0
9 56 12 0
9 56 13 0
9 56 14 0
9 56 15 0
9 57 0 0
9 57 1 0
9 57 2 2.34144e-111
9 57 3 2.27367e-111
9 57 4 1.49993e-110
9 57 5 1.53948e-110
9 57 6 3.61194e-112
9 57 7 5.58554e-113
9 57 8 1.12348e-114
9 57 9 0
9 57 10 0
9 57 11 0
9 57 12 0
9 57 13 0
9 57 14 0
9 57 15 0
9 58 0 0
9 58 1 0
9 58 2 8.80385e-114
9 58 3 8.51825e-114
9 58 4 5.7386e-113
9 58 5 5.90367e-113
9 58 6 1.48622e-114
9 58 7 2.12882e-115
9 58 8 4.39654e-117
9 58 9 0
9 58 10 0
9 58 11 0
9 58 12 0
9 58 13 0
9 58 14 0
9 58 15 0
9 59 0 0
9 59 1 0
9 59 2 3.28584e-116
9 59 3 3.16748e-116
9 59 4 2.17663e-115
9 59 5 2.24443e-115
9 59 6 6.03212e-117
9 59 7 8.06345e-118
9 59 8 1.6355e-119
9 59 9 0
9 59 10 0
9 59 11 0
9 59 12 0
9 59 13 0
9 59 14 0
9 59 15 0
9 60 0 0
9 60 1 0
9 60 2 1.21814e-118
9 60 3 1.1698e-118
9 60 4 8.19119e-118
9 60 5 8.46578e-118
9 60 6 2.41852e-119
9 60 7 3.03709e-120
9 60 8 5.62724e-122
9 60 9 0
9 60 10 0
9 60 11 0
9 60 12 0
9 60 13 0
9 60 14 0
9 60 15 0
9 61 0 0
9 61 1 0
9 61 2 4.4883e-121
9 61 3 4.29341e-121
9 61 4 3.06052e-120
9 61 5 3.17036e-120
9 61 6 9.59116e-122
9 61 7 1.13807e-122
9 61 8 1.68283e-124
9 61 9 0
9 61 10 0
9 61 11 0
9 61 12 0
9 61 13 0
9 61 14 0
9 61 15 0
9 62 0 0
9 62 1 0
9 62 2 1.64447e-123
9 62 3 1.5668e-123
9 62 4 1.13604e-122
9 62 5 1.1795e-122
9 62 6 3.76618e-124
9 62 7 4.2447e-125
9 62 8 3.54381e-127
9 62 9 0
9 62 10 0
9 62 11 0
9 62 12 0
9 62 13 0
9 62 14 0
9 62 15 0
9 63 0 0
9 63 1 0
9 63 2 0
9 63 3 0
9 63 4 0
9 63 5 0
9 63 6 0
9 63 7 0
9 63 8 0
9 63 9 0
9 63 10 0
9 63 11 0
9 63 12 0
9 63 13 0
9 63 14 0
9 63 15 0
9 48 16 8.42862e-102
9 48 17 8.42862e-102
9 48 18 1.79152e-103
9 48 19 1.79152e-103
9 48 20 1.18156e-106
9 48 21 1.18156e-106
9 48 22 4.89965e-110
9 48 23 4.89965e-110
9 48 24 1.39475e-113
9 48 25 1.39475e-113
9 48 26 1.83373e-110
9 48 27 1.83373e-110
9 48 28 8.20541e-112
9 48 29 8.20541e-112
9 48 30 0
9 48 31 0
9 49 16 8.42862e-102
9 49 17 8.42862e-102
9 49 18 1.79152e-103
9 49 19 1.79152e-103
9 49 20 1.18156e-106
9 49 21 1.18156e-106
9 49 22 4.89965e-110
9 49 23 4.89965e-110
9 49 24 1.39475e-113
9 49 25 1.39475e-113
9 49 26 1.83373e-110
9 49 27 1.83373e-110
9 49 28 8.20541e-112
9 49 29 8.20541e-112
9 49 30 0
9 49 31 0
9 50 16 5.79798e-105
9 50 17 5.79798e-105
9 50 18 1.19149e-106
9 50 19 1.19149e-106
9 50 20 1.20626e-109
9 50 21 1.20626e-109
9 50 22 7.54944e-113
9 50 23 7.54944e-113
9 50 24 3.38515e-116
9 50 25 3.38515e-116
9 50 26 1.09637e-113
9 50 27 1.09637e-113
9 50 28 4.97444e-115
9 50 29 4.97444e-115
9 50 30 0
9 50 31 0
9 51 16 5.79798e-105
9 51 17 5.79798e-105
9 51 18 1.19149e-106
9 51 19 1.19149e-106
9 51 20 1.20626e-109
9 51 21 1.20626e-109
9 51 22 7.54944e-113
9 51 23 7.54944e-113
9 51 24 3.38515e-116
9 51 25 3.38515e-116
9 51 26 1.09637e-113
9 51 27 1.09637e-113
9 51 28 4.97444e-115
9 51 29 4.97444e-115
9 51 30 0
9 51 31 0
9 52 16 3.44487e-108
9 52 17 3.44487e-108
9 52 18 7.25232e-110
9 52 19 7.25232e-110
9 52 20 9.79876e-113
9 52 21 9.79876e-113
9 52 22 8.00401e-116
9 52 23 8.00401e-116
9 52 24 4.7649e-119
9 52 25 4.7649e-119
9 52 26 6.01346e-117
9 52 27 6.01346e-117
9 52 28 2.68276e-118
9 52 29 2.68276e-118
9 52 30 0
9 52 31 0
9 53 16 3.44487e-108
9 53 17 3.44487e-108
9 53 18 7.25232e-110
9 53 19 7.25232e-110
9 53 20 9.79876e-113
9 53 21 9.79876e-113
9 53 22 8.00401e-116
9 53 23 8.00401e-116
9 53 24 4.7649e-119
9 53 25 4.7649e-119
9 53 26 6.01346e-117
9 53 27 6.01346e-117
9 53 28 2.68276e-118
9 53 29 2.68276e-118
9 53 30 0
9 53 31 0
9 54 16 1.96674e-111
9 54 17 1.96674e-111
9 54 18 4.25391e-113
9 54 19 4.25391e-113
9 54 20 7.17015e-116
9 54 21 7.17015e-116
9 54 22 7.17294e-119
9 54 23 7.17294e-119
9 54 24 5.25099e-122
9 54 25 5.25099e-122
9 54 26 3.15569e-120
9 54 27 3.15569e-120
9 54 28 1.35817e-121
9 54 29 1.35817e-121
9 54 30 0
9 54 31 0
9 55 16 1.96674e-111
9 55 17 1.96674e-111
9 55 18 4.25391e-113
9 55 19 4.25391e-113
9 55 20 7.17015e-116
9 55 21 7.17015e-116
9 55 22 7.17294e-119
9 55 23 7.17294e-119
9 55 24 5.25099e-122
9 55 25 5.25099e-122
9 55 26 3.15569e-120
9 55 27 3.15569e-120
9 55 28 1.35817e-121
9 55 29 1.35817e-121
9 55 30 0
9 55 31 0
9 56 16 1.10265e-114
9 56 17 1.10265e-114
9 56 18 2.45173e-116
9 56 19 2.45173e-116
9 56 20 4.94076e-119
9 56 21 4.94076e-119
9 56 22 5.82266e-122
9 56 23 5.82266e-122
9 56 24 5.01407e-125
9 56 25 5.01407e-125
9 56 26 1.61499e-123
9 56 27 1.61499e-123
9 56 28 6.61207e-125
9 56 29 6.61207e-125
9 56 30 0
9 56 31 0
9 57 16 1.10265e-114
9 57 17 1.10265e-114
9 57 18 2.45173e-116
9 57 19 2.45173e-116
9 57 20 4.94076e-119
9 57 21 4.94076e-119
9 57 22 5.82266e-122
9 57 23 5.82266e-122
9 57 24 5.01407e-125
9 57 25 5.01407e-125
9 57 26 1.61499e-123
9 57 27 1.61499e-123
9 57 28 6.61207e-125
9 57 29 6.61207e-125
9 57 30 0
9 57 31 0
9 58 16 6.12469e-118
9 58 17 6.12469e-118
9 58 18 1.39869e-119
9 58 19 1.39869e-119
9 58 20 3.26982e-122
9 58 21 3.26982e-122
9 58 22 4.41858e-125
9 58 23 4.41858e-125
9 58 24 4.34745e-128
9 58 25 4.34745e-128
9 58 26 8.13861e-127
9 58 27 8.13861e-127
9 58 28 3.13607e-128
9 58 29 3.13607e-128
9 58 30 0
9 58 31 0
9 59 16 6.12469e-118
9 59 17 6.12469e-118
9 59 18 1.39869e-119
9 59 19 1.39869e-119
9 59 20 3.26982e-122
9 59 21 3.26982e-122
9 59 22 4.41858e-125
9 59 23 4.41858e-125
9 59 24 4.34745e-128
9 59 25 4.34745e-128
9 59 26 8.13861e-127
9 59 27 8.13861e-127
9 59 28 3.13607e-128
9 59 29 3.13607e-128
9 59 30 0
9 59 31 0
9 60 16 3.38121e-121
9 60 17 3.38121e-121
9 60 18 7.91639e-123
9 60 19 7.91639e-123
9 60 20 2.09894e-125
9 60 21 2.09894e-125
9 60 22 3.18809e-128
9 60 23 3.18809e-128
9 60 24 3.51124e-131
9 60 25 3.51124e-131
9 60 26 4.05902e-130
9 60 27 4.05902e-130
9 60 28 1.46062e-131
9 60 29 1.46062e-131
9 60 30 0
9 60 31 0
9 61 16 3.38121e-121
9 61 17 3.38121e-121
9 61 18 7.91639e-123
9 61 19 7.91639e-123
9 61 20 2.09894e-125
9 61 21 2.09894e-125
9 61 22 3.18809e-128
9 61 23 3.18809e-128
9 61 24 3.51124e-131
9 61 25 3.51124e-131
9 61 26 4.05902e-130
9 61 27 4.05902e-130
9 61 28 1.46062e-131
9 61 29 1.46062e-131
9 61 30 0
9 61 31 0
9 62 16 0
9 62 17 0
9 62 18 0
9 62 19 0
9 62 20 0
9 62 21 0
9 62 22 0
9 62 23 0
9 62 24 0
9 62 25 0
9 62 26 0
9 62 27 0
9 62 28 0
9 62 29 0
9 62 30 0
9 62 31 0
9 63 16 0
9 63 17 0
9 63 18 0
9 63 19 0
9 63 20 0
9 63 21 0
9 63 22 0
9 63 23 0
9 63 24 0
9 63 25 0
9 63 26 0
9 63 27 0
9 63 28 0
9 63 29 0
9 63 30 0
9 63 31 0
