9 0 0 0
9 0 1 0
9 0 2 0
9 0 3 0
9 0 4 0
9 0 5 0
9 0 6 0
9 0 7 0
9 0 8 0
9 0 9 0
9 0 10 0
9 0 11 0
9 0 12 0
9 0 13 0
9 0 14 0
9 0 15 0
9 1 0 0
9 1 1 6.18337e-17
9 1 2 1.25937e-14
9 1 3 1.86809e-12
9 1 4 2.23475e-10
9 1 5 6.24187e-09
9 1 6 7.12433e-08
9 1 7 3.12039e-07
9 1 8 5.14024e-07
9 1 9 3.13106e-07
9 1 10 7.19848e-08
9 1 11 6.41239e-09
9 1 12 2.38055e-10
9 1 13 2.35608e-12
9 1 14 1.5077e-14
9 1 15 7.49493e-17
9 2 0 0
9 2 1 9.43986e-16
9 2 2 2.01949e-13
9 2 3 3.00452e-11
9 2 4 4.3394e-09
9 2 5 1.25076e-07
9 2 6 1.44677e-06
9 2 7 6.36997e-06
9 2 8 1.05453e-05
9 2 9 6.40964e-06
9 2 10 1.47429e-06
9 2 11 1.3142e-07
9 2 12 4.88508e-09
9 2 13 4.85851e-11
9 2 14 3.09436e-13
9 2 15 1.52013e-15
9 3 0 0
9 3 1 1.11304e-14
9 3 2 2.50848e-12
9 3 3 3.641e-10
9 3 4 6.77752e-08
9 3 5 2.01962e-06
9 3 6 2.36805e-05
9 3 7 0.000104812
9 3 8 0.000174978
9 3 9 0.000105753
9 3 10 2.43315e-05
9 3 11 2.16967e-06
9 3 12 8.06888e-08
9 3 13 8.03228e-10
9 3 14 5.0661e-12
9 3 15 2.454e-14
9 4 0 0
9 4 1 9.40511e-14
9 4 2 2.23184e-11
9 4 3 3.07752e-09
9 4 4 7.56081e-07
9 4 5 2.31528e-05
9 4 6 0.000274392
9 4 7 0.00121957
9 4 8 0.00207699
9 4 9 0.00123309
9 4 10 0.000283691
9 4 11 2.52959e-05
9 4 12 9.40408e-07
9 4 13 9.335e-09
9 4 14 5.82002e-11
9 4 15 2.77288e-13
9 5 0 0
9 5 1 5.14392e-13
9 5 2 1.27774e-10
9 5 3 1.64835e-08
9 5 4 5.22057e-06
9 5 5 0.00016289
9 5 6 0.00194432
9 5 7 0.00867058
9 5 8 0.0157877
9 5 9 0.00877825
9 5 10 0.00201822
9 5 11 0.000179916
9 5 12 6.68403e-06
9 5 13 6.60803e-08
9 5 14 4.07848e-10
9 5 15 1.91934e-12
9 6 0 0
9 6 1 1.57044e-12
9 6 2 4.02102e-10
9 6 3 4.92026e-08
9 6 4 1.83741e-05
9 6 5 0.000578907
9 6 6 0.00693591
9 6 7 0.0310618
9 6 8 0.0770913
9 6 9 0.0314986
9 6 10 0.00721385
9 6 11 0.000642956
9 6 12 2.38773e-05
9 6 13 2.35543e-07
9 6 14 1.44607e-09
9 6 15 6.75791e-12
9 7 0 0
9 7 1 2.31223e-12
9 7 2 5.9968e-10
9 7 3 7.16523e-08
9 7 4 2.85637e-05
9 7 5 0.00090303
9 7 6 0.0108434
9 7 7 0.0492862
9 7 8 0.414306
9 7 9 0.0504619
9 7 10 0.0112813
9 7 11 0.00100511
9 7 12 3.7333e-05
9 7 13 3.68571e-07
9 7 14 2.26228e-09
9 7 15 1.05657e-11
9 8 0 0
9 8 1 1.53947e-12
9 8 2 3.9872e-10
9 8 3 4.78059e-08
9 8 4 1.87472e-05
9 8 5 0.000592198
9 8 6 0.00710235
9 8 7 0.0317868
9 8 8 0.0755505
9 8 9 0.0322589
9 8 10 0.00739317
9 8 11 0.000659296
9 8 12 2.45139e-05
9 8 13 2.43224e-07
9 8 14 1.50113e-09
9 8 15 7.05134e-12
9 9 0 0
9 9 1 4.89317e-13
9 9 2 1.24973e-10
9 9 3 1.54005e-08
9 9 4 5.50014e-06
9 9 5 0.000172875
9 9 6 0.00206924
9 9 7 0.00923477
9 9 8 0.0165349
9 9 9 0.00935903
9 9 10 0.00215319
9 9 11 0.000192224
9 9 12 7.16461e-06
9 9 13 7.19286e-08
9 9 14 4.50086e-10
9 9 15 2.14463e-12
9 10 0 0
9 10 1 8.56241e-14
9 10 2 2.13356e-11
9 10 3 2.74591e-09
9 10 4 8.35078e-07
9 10 5 2.599e-05
9 10 6 0.000309945
9 10 7 0.00138078
9 10 8 0.00233637
9 10 9 0.00139861
9 10 10 0.000322202
9 10 11 2.88167e-05
9 10 12 1.07862e-06
9 10 13 1.1051e-08
9 10 14 7.08105e-11
9 10 15 3.46018e-13
9 11 0 0
9 11 1 9.59787e-15
9 11 2 2.31966e-12
9 11 3 3.12058e-10
9 11 4 7.84264e-08
9 11 5 2.40668e-06
9 11 6 2.8548e-05
9 11 7 0.000126914
9 11 8 0.000211523
9 11 9 0.000128481
9 11 10 2.96301e-05
9 11 11 2.65643e-06
9 11 12 9.99966e-08
9 11 13 1.05213e-09
9 11 14 6.953e-12
9 11 15 3.50591e-14
9 12 0 0
9 12 1 7.64811e-16
9 12 2 1.78794e-13
9 12 3 2.49525e-11
9 12 4 5.16554e-09
9 12 5 1.55744e-07
9 12 6 1.83486e-06
9 12 7 8.13629e-06
9 12 8 1.34834e-05
9 12 9 8.23082e-06
9 12 10 1.90026e-06
9 12 11 1.70858e-07
9 12 12 6.47515e-09
9 12 13 7.02587e-11
9 12 14 4.81089e-13
9 12 15 2.51887e-15
9 13 0 0
9 13 1 4.68345e-17
9 13 2 1.05937e-14
9 13 3 1.51482e-12
9 13 4 2.64837e-10
9 13 5 7.83688e-09
9 13 6 9.16464e-08
9 13 7 4.05259e-07
9 13 8 6.696e-07
9 13 9 4.09634e-07
9 13 10 9.4677e-08
9 13 11 8.53831e-09
9 13 12 3.2586e-10
9 13 13 3.64729e-12
9 13 14 2.58834e-14
9 13 15 1.40422e-16
9 14 0 0
9 14 1 2.33128e-18
9 14 2 5.11064e-16
9 14 3 7.40397e-14
9 14 4 1.12876e-11
9 14 5 3.28075e-10
9 14 6 3.80877e-09
9 14 7 1.67963e-08
9 14 8 2.76989e-08
9 14 9 1.69642e-08
9 14 10 3.92524e-09
9 14 11 3.55081e-10
9 14 12 1.3648e-11
9 14 13 1.57488e-13
9 14 14 1.15686e-15
9 14 15 6.51577e-18
9 15 0 0
9 15 1 9.81621e-20
9 15 2 2.08983e-17
9 15 3 3.04164e-15
9 15 4 4.16417e-13
9 15 5 1.19097e-11
9 15 6 1.37345e-10
9 15 7 6.04153e-10
9 15 8 9.94945e-10
9 15 9 6.09792e-10
9 15 10 1.41259e-10
9 15 11 1.28191e-11
9 15 12 4.96324e-13
9 15 13 5.90315e-15
9 15 14 4.48304e-17
9 15 15 2.59987e-19
9 0 16 0
9 0 17 0
9 0 18 0
9 0 19 0
9 0 20 0
9 0 21 0
9 0 22 0
9 0 23 0
9 0 24 0
9 0 25 0
9 0 26 0
9 0 27 0
9 0 28 0
9 0 29 0
9 0 30 0
9 0 31 0
9 1 16 0
9 1 17 0
9 1 18 0
9 1 19 0
9 1 20 0
9 1 21 0
9 1 22 0
9 1 23 0
9 1 24 0
9 1 25 0
9 1 26 0
9 1 27 0
9 1 28 0
9 1 29 0
9 1 30 0
9 1 31 0
9 2 16 2.6386e-15
9 2 17 2.6386e-15
9 2 18 3.90634e-18
9 2 19 3.90634e-18
9 2 20 4.75202e-21
9 2 21 4.75202e-21
9 2 22 4.93472e-24
9 2 23 4.93472e-24
9 2 24 4.50015e-27
9 2 25 4.50015e-27
9 2 26 3.68138e-30
9 2 27 3.68138e-30
9 2 28 2.74588e-33
9 2 29 2.74588e-33
9 2 30 0
9 2 31 0
9 3 16 2.6386e-15
9 3 17 2.6386e-15
9 3 18 3.90634e-18
9 3 19 3.90634e-18
9 3 20 4.75202e-21
9 3 21 4.75202e-21
9 3 22 4.93472e-24
9 3 23 4.93472e-24
9 3 24 4.50015e-27
9 3 25 4.50015e-27
9 3 26 3.68138e-30
9 3 27 3.68138e-30
9 3 28 2.74588e-33
9 3 29 2.74588e-33
9 3 30 0
9 3 31 0
9 4 16 2.24505e-13
9 4 17 2.24505e-13
9 4 18 3.22291e-16
9 4 19 3.22291e-16
9 4 20 3.79098e-19
9 4 21 3.79098e-19
9 4 22 3.809e-22
9 4 23 3.809e-22
9 4 24 3.36636e-25
9 4 25 3.36636e-25
9 4 26 2.67376e-28
9 4 27 2.67376e-28
9 4 28 1.9397e-31
9 4 29 1.9397e-31
9 4 30 0
9 4 31 0
9 5 16 2.24505e-13
9 5 17 2.24505e-13
9 5 18 3.22291e-16
9 5 19 3.22291e-16
9 5 20 3.79098e-19
9 5 21 3.79098e-19
9 5 22 3.809e-22
9 5 23 3.809e-22
9 5 24 3.36636e-25
9 5 25 3.36636e-25
9 5 26 2.67376e-28
9 5 27 2.67376e-28
9 5 28 1.9397e-31
9 5 29 1.9397e-31
9 5 30 0
9 5 31 0
9 6 16 1.81613e-12
9 6 17 1.81613e-12
9 6 18 2.63374e-15
9 6 19 2.63374e-15
9 6 20 3.11766e-18
9 6 21 3.11766e-18
9 6 22 3.14524e-21
9 6 23 3.14524e-21
9 6 24 2.78699e-24
9 6 25 2.78699e-24
9 6 26 2.21714e-27
9 6 27 2.21714e-27
9 6 28 1.60985e-30
9 6 29 1.60985e-30
9 6 30 0
9 6 31 0
9 7 16 1.81613e-12
9 7 17 1.81613e-12
9 7 18 2.63374e-15
9 7 19 2.63374e-15
9 7 20 3.11766e-18
9 7 21 3.11766e-18
9 7 22 3.14524e-21
9 7 23 3.14524e-21
9 7 24 2.78699e-24
9 7 25 2.78699e-24
9 7 26 2.21714e-27
9 7 27 2.21714e-27
9 7 28 1.60985e-30
9 7 29 1.60985e-30
9 7 30 0
9 7 31 0
9 8 16 9.47337e-13
9 8 17 9.47337e-13
9 8 18 1.36653e-15
9 8 19 1.36653e-15
9 8 20 1.61264e-18
9 8 21 1.61264e-18
9 8 22 1.624e-21
9 8 23 1.624e-21
9 8 24 1.43763e-24
9 8 25 1.43763e-24
9 8 26 1.1432e-27
9 8 27 1.1432e-27
9 8 28 8.30053e-31
9 8 29 8.30053e-31
9 8 30 0
9 8 31 0
9 9 16 9.47337e-13
9 9 17 9.47337e-13
9 9 18 1.36653e-15
9 9 19 1.36653e-15
9 9 20 1.61264e-18
9 9 21 1.61264e-18
9 9 22 1.624e-21
9 9 23 1.624e-21
9 9 24 1.43763e-24
9 9 25 1.43763e-24
9 9 26 1.1432e-27
9 9 27 1.1432e-27
9 9 28 8.30053e-31
9 9 29 8.30053e-31
9 9 30 0
9 9 31 0
9 10 16 3.99845e-14
9 10 17 3.99845e-14
9 10 18 5.99395e-17
9 10 19 5.99395e-17
9 10 20 7.29797e-20
9 10 21 7.29797e-20
9 10 22 7.55121e-23
9 10 23 7.55121e-23
9 10 24 6.85011e-26
9 10 25 6.85011e-26
9 10 26 5.57203e-29
9 10 27 5.57203e-29
9 10 28 4.13305e-32
9 10 29 4.13305e-32
9 10 30 0
9 10 31 0
9 11 16 3.99845e-14
9 11 17 3.99845e-14
9 11 18 5.99395e-17
9 11 19 5.99395e-17
9 11 20 7.29797e-20
9 11 21 7.29797e-20
9 11 22 7.55121e-23
9 11 23 7.55121e-23
9 11 24 6.85011e-26
9 11 25 6.85011e-26
9 11 26 5.57203e-29
9 11 27 5.57203e-29
9 11 28 4.13305e-32
9 11 29 4.13305e-32
9 11 30 0
9 11 31 0
9 12 16 4.23107e-16
9 12 17 4.23107e-16
9 12 18 7.85e-19
9 12 19 7.85e-19
9 12 20 1.08802e-21
9 12 21 1.08802e-21
9 12 22 1.23378e-24
9 12 23 1.23378e-24
9 12 24 1.20147e-27
9 12 25 1.20147e-27
9 12 26 1.03588e-30
9 12 27 1.03588e-30
9 12 28 8.07551e-34
9 12 29 8.07551e-34
9 12 30 0
9 12 31 0
9 13 16 4.23107e-16
9 13 17 4.23107e-16
9 13 18 7.85e-19
9 13 19 7.85e-19
9 13 20 1.08802e-21
9 13 21 1.08802e-21
9 13 22 1.23378e-24
9 13 23 1.23378e-24
9 13 24 1.20147e-27
9 13 25 1.20147e-27
9 13 26 1.03588e-30
9 13 27 1.03588e-30
9 13 28 8.07551e-34
9 13 29 8.07551e-34
9 13 30 0
9 13 31 0
9 14 16 2.56273e-18
9 14 17 2.56273e-18
9 14 18 6.12022e-21
9 14 19 6.12022e-21
9 14 20 9.77576e-24
9 14 21 9.77576e-24
9 14 22 1.22359e-26
9 14 23 1.22359e-26
9 14 24 1.28614e-29
9 14 25 1.28614e-29
9 14 26 1.18086e-32
9 14 27 1.18086e-32
9 14 28 9.71593e-36
9 14 29 9.71593e-36
9 14 30 0
9 14 31 0
9 15 16 2.56273e-18
9 15 17 2.56273e-18
9 15 18 6.12022e-21
9 15 19 6.12022e-21
9 15 20 9.77576e-24
9 15 21 9.77576e-24
9 15 22 1.22359e-26
9 15 23 1.22359e-26
9 15 24 1.28614e-29
9 15 25 1.28614e-29
9 15 26 1.18086e-32
9 15 27 1.18086e-32
9 15 28 9.71593e-36
9 15 29 9.71593e-36
9 15 30 0
9 15 31 0
9 16 0 0
9 16 1 5.69911e-22
9 16 2 1.51086e-19
9 16 3 2.71771e-17
9 16 4 5.56808e-15
9 16 5 1.67258e-13
9 16 6 1.96648e-12
9 16 7 8.71408e-12
9 16 8 1.43846e-11
9 16 9 8.83747e-12
9 16 10 2.05219e-12
9 16 11 1.87197e-13
9 16 12 7.32534e-15
9 16 13 9.0488e-17
9 16 14 6.93438e-19
9 16 15 3.9873e-21
9 17 0 0
9 17 1 6.89859e-24
9 17 2 2.15082e-21
9 17 3 3.88887e-19
9 17 4 1.12959e-16
9 17 5 3.49629e-15
9 17 6 4.15906e-14
9 17 7 1.85153e-13
9 17 8 3.06302e-13
9 17 9 1.88674e-13
9 17 10 4.40379e-14
9 17 11 4.06639e-15
9 17 12 1.6339e-16
9 17 13 2.22223e-18
9 17 14 1.86761e-20
9 17 15 1.17011e-22
9 18 0 0
9 18 1 7.75935e-26
9 18 2 3.0247e-23
9 18 3 4.83605e-21
9 18 4 2.15036e-18
9 18 5 6.82277e-17
9 18 6 8.19347e-16
9 18 7 3.6612e-15
9 18 8 6.06793e-15
9 18 9 3.74619e-15
9 18 10 8.7845e-16
9 18 11 8.20115e-17
9 18 12 3.37333e-18
9 18 13 4.96274e-20
9 18 14 4.51247e-22
9 18 15 3.04828e-24
9 19 0 0
9 19 1 7.7393e-28
9 19 2 4.31598e-25
9 19 3 4.74657e-23
9 19 4 3.87786e-20
9 19 5 1.25682e-18
9 19 6 1.52143e-17
9 19 7 6.81981e-17
9 19 8 1.13212e-16
9 19 9 7.00386e-17
9 19 10 1.64946e-17
9 19 11 1.55572e-18
9 19 12 6.53746e-20
9 19 13 1.02853e-21
9 19 14 1.00231e-23
9 19 15 7.24284e-26
9 20 0 0
9 20 1 5.78062e-30
9 20 2 6.40865e-27
9 20 3 2.12202e-25
9 20 4 6.67486e-22
9 20 5 2.20434e-20
9 20 6 2.6871e-19
9 20 7 1.20781e-18
9 20 8 2.00794e-18
9 20 9 1.24461e-18
9 20 10 2.94322e-19
9 20 11 2.80294e-20
9 20 12 1.20162e-21
9 20 13 2.00567e-23
9 20 14 2.08018e-25
9 20 15 1.59817e-27
9 21 0 0
9 21 1 0
9 21 2 1.00389e-28
9 21 3 0
9 21 4 1.10336e-23
9 21 5 3.70636e-22
9 21 6 4.54635e-21
9 21 7 2.04854e-20
9 21 8 3.41025e-20
9 21 9 2.11769e-20
9 21 10 5.02779e-21
9 21 11 4.83281e-22
9 21 12 2.11141e-23
9 21 13 3.71692e-25
9 21 14 4.08069e-27
9 21 15 3.31709e-29
9 22 0 0
9 22 1 0
9 22 2 1.64679e-30
9 22 3 0
9 22 4 1.76031e-25
9 22 5 6.00718e-24
9 22 6 7.41085e-23
9 22 7 3.3468e-22
9 22 8 5.57862e-22
9 22 9 3.47031e-22
9 22 10 8.27111e-23
9 22 11 8.02219e-24
9 22 12 3.56883e-25
9 22 13 6.59574e-27
9 22 14 7.63199e-29
9 22 15 6.53782e-31
9 23 0 0
9 23 1 0
9 23 2 2.74388e-32
9 23 3 0
9 23 4 2.72191e-27
9 23 5 9.42783e-26
9 23 6 1.1693e-24
9 23 7 5.29178e-24
9 23 8 8.83138e-24
9 23 9 5.5032e-24
9 23 10 1.31662e-24
9 23 11 1.28825e-25
9 23 12 5.8318e-27
9 23 13 1.12735e-28
9 23 14 1.36994e-30
9 23 15 1.2326e-32
9 24 0 0
9 24 1 0
9 24 2 4.56237e-34
9 24 3 0
9 24 4 4.09337e-29
9 24 5 1.43813e-27
9 24 6 1.79269e-26
9 24 7 8.12922e-26
9 24 8 1.35828e-25
9 24 9 8.47823e-26
9 24 10 2.03598e-26
9 24 11 2.00931e-27
9 24 12 9.25077e-29
9 24 13 1.86476e-30
9 24 14 2.37258e-32
9 24 15 2.23581e-34
9 25 0 0
9 25 1 0
9 25 2 7.49662e-36
9 25 3 0
9 25 4 6.00475e-31
9 25 5 2.13893e-29
9 25 6 2.6792e-28
9 25 7 1.21726e-27
9 25 8 2.0362e-27
9 25 9 1.27308e-27
9 25 10 3.06854e-28
9 25 11 3.05403e-29
9 25 12 1.4293e-30
9 25 13 2.99661e-32
9 25 14 3.98157e-34
9 25 15 3.92004e-36
9 26 0 0
9 26 1 0
9 26 2 1.20783e-37
9 26 3 0
9 26 4 8.61385e-33
9 26 5 3.11e-31
9 26 6 3.91389e-30
9 26 7 1.78152e-29
9 26 8 2.98345e-29
9 26 9 1.86839e-29
9 26 10 4.51996e-30
9 26 11 4.53618e-31
9 26 12 2.15714e-32
9 26 13 4.69324e-34
9 26 14 6.49734e-36
9 26 15 6.66909e-38
9 27 0 0
9 27 1 0
9 27 2 1.09138e-39
9 27 3 0
9 27 4 1.20689e-34
9 27 5 4.42785e-33
9 27 6 5.60044e-32
9 27 7 2.55193e-31
9 27 8 4.28246e-31
9 27 9 2.68629e-31
9 27 10 6.52234e-32
9 27 11 6.59975e-33
9 27 12 3.18778e-34
9 27 13 7.18322e-36
9 27 14 1.03407e-37
9 27 15 1.10442e-39
9 28 0 0
9 28 1 0
9 28 2 0
9 28 3 0
9 28 4 1.17715e-36
9 28 5 5.88783e-35
9 28 6 7.43088e-34
9 28 7 4.62741e-34
9 28 8 6.04365e-33
9 28 9 3.79078e-33
9 28 10 9.23929e-34
9 28 11 9.42571e-35
9 28 12 4.62272e-36
9 28 13 1.07692e-37
9 28 14 1.60912e-39
9 28 15 1.78514e-41
9 29 0 0
9 29 1 0
9 29 2 0
9 29 3 0
9 29 4 0
9 29 5 0
9 29 6 1.71256e-36
9 29 7 0
9 29 8 8.03373e-35
9 29 9 5.20839e-35
9 29 10 1.28924e-35
9 29 11 1.33018e-36
9 29 12 6.62168e-38
9 29 13 1.58749e-39
9 29 14 2.45515e-41
9 29 15 2.82353e-43
9 30 0 0
9 30 1 0
9 30 2 0
9 30 3 0
9 30 4 0
9 30 5 0
9 30 6 0
9 30 7 0
9 30 8 0
9 30 9 2.17591e-37
9 30 10 1.53945e-37
9 30 11 1.93279e-38
9 30 12 1.01992e-39
9 30 13 2.38405e-41
9 30 14 3.72636e-43
9 30 15 4.39982e-45
9 31 0 0
9 31 1 0
9 31 2 0
9 31 3 0
9 31 4 0
9 31 5 0
9 31 6 0
9 31 7 0
9 31 8 0
9 31 9 0
9 31 10 0
9 31 11 1.1445e-40
9 31 12 2.57996e-41
9 31 13 4.68432e-43
9 31 14 6.28525e-45
9 31 15 7.14947e-47
9 16 16 2.06439e-20
9 16 17 2.07242e-20
9 16 18 9.5624e-23
9 16 19 3.80459e-23
9 16 20 1.45293e-25
9 16 21 4.77155e-26
9 16 22 1.62747e-28
9 16 23 4.7756e-29
9 16 24 1.50299e-31
9 16 25 4.0713e-32
9 16 26 1.20509e-34
9 16 27 3.06617e-35
9 16 28 8.64543e-38
9 16 29 2.08834e-38
9 16 30 4.36631e-41
9 16 31 0
9 17 16 3.46968e-22
9 17 17 3.49482e-22
9 17 18 2.43445e-24
9 17 19 5.92223e-25
9 17 20 3.60203e-27
9 17 21 6.95539e-28
9 17 22 3.89413e-30
9 17 23 6.6096e-31
9 17 24 3.48384e-33
9 17 25 5.40697e-34
9 17 26 2.71981e-36
9 17 27 3.93926e-37
9 17 28 1.90884e-39
9 17 29 2.61192e-40
9 17 30 1.07188e-42
9 17 31 0
9 18 16 5.61161e-24
9 18 17 5.66867e-24
9 18 18 5.1815e-26
9 18 19 8.99083e-27
9 18 20 7.3449e-29
9 18 21 9.97026e-30
9 18 22 7.6109e-32
9 18 23 9.04799e-33
9 18 24 6.56995e-35
9 18 25 7.13231e-36
9 18 26 4.9801e-38
9 18 27 5.04258e-39
9 18 28 3.41153e-41
9 18 29 3.2627e-42
9 18 30 1.96452e-44
9 18 31 0
9 19 16 8.77955e-26
9 19 17 8.89119e-26
9 19 18 9.94195e-28
9 19 19 1.33589e-28
9 19 20 1.34899e-30
9 19 21 1.40877e-31
9 19 22 1.34118e-33
9 19 23 1.22701e-34
9 19 24 1.11842e-36
9 19 25 9.35454e-38
9 19 26 8.23954e-40
9 19 27 6.43593e-41
9 19 28 5.51334e-43
9 19 29 4.07231e-44
9 19 30 3.18759e-46
9 19 31 0
9 20 16 1.33443e-27
9 20 17 1.35434e-27
9 20 18 1.77692e-29
9 20 19 1.94818e-30
9 20 20 2.31459e-32
9 20 21 1.96587e-33
9 20 22 2.2139e-35
9 20 23 1.65052e-36
9 20 24 1.7874e-38
9 20 25 1.22094e-39
9 20 26 1.28201e-41
9 20 27 8.1944e-43
9 20 28 8.39037e-45
9 20 29 5.08017e-46
9 20 30 4.83157e-48
9 20 31 0
9 21 16 1.97734e-29
9 21 17 2.01054e-29
9 21 18 3.01138e-31
9 21 19 2.79499e-32
9 21 20 3.78073e-34
9 21 21 2.71354e-35
9 21 22 3.48976e-37
9 21 23 2.20453e-38
9 21 24 2.73424e-40
9 21 25 1.58682e-41
9 21 26 1.91284e-43
9 21 27 1.0412e-44
9 21 28 1.22621e-46
9 21 29 6.33527e-48
9 21 30 7.0082e-50
9 21 31 0
9 22 16 2.86482e-31
9 22 17 2.91735e-31
9 22 18 4.89285e-33
9 22 19 3.9523e-34
9 22 20 5.94579e-36
9 22 21 3.7097e-37
9 22 22 5.31228e-39
9 22 23 2.92616e-40
9 22 24 4.04857e-42
9 22 25 2.05467e-43
9 22 26 2.76751e-45
9 22 27 1.3206e-46
9 22 28 1.74013e-48
9 22 29 7.89835e-50
9 22 30 9.85526e-52
9 22 31 0
9 23 16 4.06826e-33
9 23 17 4.14782e-33
9 23 18 7.67905e-35
9 23 19 5.51724e-36
9 23 20 9.0697e-38
9 23 21 5.02828e-39
9 23 22 7.86623e-41
9 23 23 3.86234e-42
9 23 24 5.84393e-44
9 23 25 2.65155e-45
9 23 26 3.90993e-47
9 23 27 1.67227e-48
9 23 28 2.41457e-50
9 23 29 9.84447e-52
9 23 30 1.35421e-53
9 23 31 0
9 24 16 5.67449e-35
9 24 17 5.79047e-35
9 24 18 1.17044e-36
9 24 19 7.61307e-38
9 24 20 1.34893e-39
9 24 21 6.76323e-41
9 24 22 1.13877e-42
9 24 23 5.0723e-44
9 24 24 8.26347e-46
9 24 25 3.4113e-47
9 24 26 5.41962e-49
9 24 27 2.11408e-50
9 24 28 3.28949e-52
9 24 29 1.22637e-53
9 24 30 1.82928e-55
9 24 31 0
9 25 16 7.78258e-37
9 25 17 7.95124e-37
9 25 18 1.73923e-38
9 25 19 1.03937e-39
9 25 20 1.96488e-41
9 25 21 9.04254e-43
9 25 22 1.61849e-44
9 25 23 6.63091e-46
9 25 24 1.14869e-47
9 25 25 4.37246e-49
9 25 26 7.38064e-51
9 25 27 2.64041e-52
9 25 28 4.31969e-54
9 25 29 1.61853e-55
9 25 30 3.1062e-57
9 25 31 0
9 26 16 1.41725e-39
9 26 17 1.07945e-38
9 26 18 2.51379e-40
9 26 19 1.42145e-41
9 26 20 3.1296e-43
9 26 21 1.35165e-44
9 26 22 2.39901e-46
9 26 23 8.7079e-48
9 26 24 1.57626e-49
9 26 25 1.50773e-51
9 26 26 1.16548e-52
9 26 27 2.39528e-54
9 26 28 1.94629e-55
9 26 29 2.6128e-56
9 26 30 1.14425e-57
9 26 31 0
9 27 16 0
9 27 17 1.35679e-40
9 27 18 2.08799e-42
9 27 19 2.6469e-43
9 27 20 2.44569e-44
9 27 21 1.16607e-45
9 27 22 1.23064e-47
9 27 23 1.64234e-49
9 27 24 2.34031e-51
9 27 25 0
9 27 26 0
9 27 27 0
9 27 28 7.08254e-56
9 27 29 1.53677e-56
9 27 30 7.33414e-58
9 27 31 0
9 28 16 0
9 28 17 0
9 28 18 0
9 28 19 0
9 28 20 3.28833e-45
9 28 21 2.867e-46
9 28 22 2.78045e-48
9 28 23 1.75186e-50
9 28 24 9.33559e-53
9 28 25 0
9 28 26 0
9 28 27 0
9 28 28 0
9 28 29 2.40191e-57
9 28 30 2.06274e-58
9 28 31 0
9 29 16 0
9 29 17 0
9 29 18 0
9 29 19 0
9 29 20 0
9 29 21 3.91758e-47
9 29 22 4.21247e-49
9 29 23 2.63095e-51
9 29 24 1.04589e-53
9 29 25 0
9 29 26 0
9 29 27 0
9 29 28 0
9 29 29 0
9 29 30 2.80317e-59
9 29 31 0
9 30 16 0
9 30 17 0
9 30 18 0
9 30 19 0
9 30 20 0
9 30 21 2.93441e-48
9 30 22 3.87672e-50
9 30 23 2.62593e-52
9 30 24 9.51144e-55
9 30 25 0
9 30 26 0
9 30 27 0
9 30 28 0
9 30 29 0
9 30 30 2.04115e-60
9 30 31 0
9 31 16 0
9 31 17 0
9 31 18 0
9 31 19 0
9 31 20 0
9 31 21 1.10438e-49
9 31 22 2.32892e-51
9 31 23 1.79713e-53
9 31 24 5.91752e-56
9 31 25 0
9 31 26 0
9 31 27 0
9 31 28 0
9 31 29 0
9 31 30 6.89586e-62
9 31 31 0
9 32 0 0
9 32 1 0
9 32 2 0
9 32 3 0
9 32 4 1.29189e-47
9 32 5 1.29189e-47
9 32 6 0
9 32 7 0
9 32 8 1.84802e-40
9 32 9 1.84802e-40
9 32 10 1.34446e-40
9 32 11 1.34446e-40
9 32 12 8.95885e-43
9 32 13 8.95885e-43
9 32 14 8.23174e-46
9 32 15 8.23174e-46
9 33 0 0
9 33 1 0
9 33 2 0
9 33 3 0
9 33 4 1.29189e-47
9 33 5 1.29189e-47
9 33 6 0
9 33 7 0
9 33 8 1.84802e-40
9 33 9 1.84802e-40
9 33 10 1.34446e-40
9 33 11 1.34446e-40
9 33 12 8.95885e-43
9 33 13 8.95885e-43
9 33 14 8.23174e-46
9 33 15 8.23174e-46
9 34 0 0
9 34 1 0
9 34 2 0
9 34 3 0
9 34 4 6.77618e-50
9 34 5 6.77618e-50
9 34 6 0
9 34 7 0
9 34 8 4.15353e-43
9 34 9 4.15353e-43
9 34 10 3.46596e-43
9 34 11 3.46596e-43
9 34 12 2.51207e-45
9 34 13 2.51207e-45
9 34 14 3.47022e-48
9 34 15 3.47022e-48
9 35 0 0
9 35 1 0
9 35 2 0
9 35 3 0
9 35 4 6.77618e-50
9 35 5 6.77618e-50
9 35 6 0
9 35 7 0
9 35 8 4.15353e-43
9 35 9 4.15353e-43
9 35 10 3.46596e-43
9 35 11 3.46596e-43
9 35 12 2.51207e-45
9 35 13 2.51207e-45
9 35 14 3.47022e-48
9 35 15 3.47022e-48
9 36 0 0
9 36 1 0
9 36 2 0
9 36 3 0
9 36 4 2.34904e-52
9 36 5 2.34904e-52
9 36 6 0
9 36 7 0
9 36 8 8.6626e-46
9 36 9 8.6626e-46
9 36 10 8.54624e-46
9 36 11 8.54624e-46
9 36 12 6.69099e-48
9 36 13 6.69099e-48
9 36 14 1.20109e-50
9 36 15 1.20109e-50
9 37 0 0
9 37 1 0
9 37 2 0
9 37 3 0
9 37 4 2.34904e-52
9 37 5 2.34904e-52
9 37 6 0
9 37 7 0
9 37 8 8.6626e-46
9 37 9 8.6626e-46
9 37 10 8.54624e-46
9 37 11 8.54624e-46
9 37 12 6.69099e-48
9 37 13 6.69099e-48
9 37 14 1.20109e-50
9 37 15 1.20109e-50
9 38 0 0
9 38 1 0
9 38 2 0
9 38 3 0
9 38 4 6.73493e-55
9 38 5 6.73493e-55
9 38 6 0
9 38 7 0
9 38 8 1.74649e-48
9 38 9 1.74649e-48
9 38 10 2.05159e-48
9 38 11 2.05159e-48
9 38 12 1.72113e-50
9 38 13 1.72113e-50
9 38 14 3.72491e-53
9 38 15 3.72491e-53
9 39 0 0
9 39 1 0
9 39 2 0
9 39 3 0
9 39 4 6.73493e-55
9 39 5 6.73493e-55
9 39 6 0
9 39 7 0
9 39 8 1.74649e-48
9 39 9 1.74649e-48
9 39 10 2.05159e-48
9 39 11 2.05159e-48
9 39 12 1.72113e-50
9 39 13 1.72113e-50
9 39 14 3.72491e-53
9 39 15 3.72491e-53
9 40 0 0
9 40 1 0
9 40 2 0
9 40 3 0
9 40 4 1.72198e-57
9 40 5 1.72198e-57
9 40 6 0
9 40 7 0
9 40 8 3.42732e-51
9 40 9 3.42732e-51
9 40 10 4.7946e-51
9 40 11 4.7946e-51
9 40 12 4.27973e-53
9 40 13 4.27973e-53
9 40 14 1.06848e-55
9 40 15 1.06848e-55
9 41 0 0
9 41 1 0
9 41 2 0
9 41 3 0
9 41 4 1.72198e-57
9 41 5 1.72198e-57
9 41 6 0
9 41 7 0
9 41 8 3.42732e-51
9 41 9 3.42732e-51
9 41 10 4.7946e-51
9 41 11 4.7946e-51
9 41 12 4.27973e-53
9 41 13 4.27973e-53
9 41 14 1.06848e-55
9 41 15 1.06848e-55
9 42 0 0
9 42 1 0
9 42 2 0
9 42 3 0
9 42 4 4.06403e-60
9 42 5 4.06403e-60
9 42 6 0
9 42 7 0
9 42 8 6.54854e-54
9 42 9 6.54854e-54
9 42 10 1.08992e-53
9 42 11 1.08992e-53
9 42 12 1.02933e-55
9 42 13 1.02933e-55
9 42 14 2.88246e-58
9 42 15 2.88246e-58
9 43 0 0
9 43 1 0
9 43 2 0
9 43 3 0
9 43 4 4.06403e-60
9 43 5 4.06403e-60
9 43 6 0
9 43 7 0
9 43 8 6.54854e-54
9 43 9 6.54854e-54
9 43 10 1.08992e-53
9 43 11 1.08992e-53
9 43 12 1.02933e-55
9 43 13 1.02933e-55
9 43 14 2.88246e-58
9 43 15 2.88246e-58
9 44 0 0
9 44 1 0
9 44 2 0
9 44 3 0
9 44 4 9.02199e-63
9 44 5 9.02199e-63
9 44 6 0
9 44 7 0
9 44 8 1.21829e-56
9 44 9 1.21829e-56
9 44 10 2.41085e-56
9 44 11 2.41085e-56
9 44 12 2.3982e-58
9 44 13 2.3982e-58
9 44 14 7.39089e-61
9 44 15 7.39089e-61
9 45 0 0
9 45 1 0
9 45 2 0
9 45 3 0
9 45 4 9.02199e-63
9 45 5 9.02199e-63
9 45 6 0
9 45 7 0
9 45 8 1.21829e-56
9 45 9 1.21829e-56
9 45 10 2.41085e-56
9 45 11 2.41085e-56
9 45 12 2.3982e-58
9 45 13 2.3982e-58
9 45 14 7.39089e-61
9 45 15 7.39089e-61
9 46 0 0
9 46 1 0
9 46 2 0
9 46 3 0
9 46 4 1.90599e-65
9 46 5 1.90599e-65
9 46 6 0
9 46 7 0
9 46 8 2.2084e-59
9 46 9 2.2084e-59
9 46 10 5.19451e-59
9 46 11 5.19451e-59
9 46 12 5.42329e-61
9 46 13 5.42329e-61
9 46 14 1.81454e-63
9 46 15 1.81454e-63
9 47 0 0
9 47 1 0
9 47 2 0
9 47 3 0
9 47 4 1.90599e-65
9 47 5 1.90599e-65
9 47 6 0
9 47 7 0
9 47 8 2.2084e-59
9 47 9 2.2084e-59
9 47 10 5.19451e-59
9 47 11 5.19451e-59
9 47 12 5.42329e-61
9 47 13 5.42329e-61
9 47 14 1.81454e-63
9 47 15 1.81454e-63
9 32 16 2.53539e-49
9 32 17 2.53539e-49
9 32 18 1.36355e-52
9 32 19 1.36355e-52
9 32 20 1.75861e-51
9 32 21 1.75861e-51
9 32 22 2.52935e-53
9 32 23 2.52935e-53
9 32 24 1.34278e-56
9 32 25 1.34278e-56
9 32 26 6.46576e-60
9 32 27 6.46576e-60
9 32 28 3.0141e-63
9 32 29 3.0141e-63
9 32 30 0
9 32 31 0
9 33 16 2.53539e-49
9 33 17 2.53539e-49
9 33 18 1.36355e-52
9 33 19 1.36355e-52
9 33 20 1.75861e-51
9 33 21 1.75861e-51
9 33 22 2.52935e-53
9 33 23 2.52935e-53
9 33 24 1.34278e-56
9 33 25 1.34278e-56
9 33 26 6.46576e-60
9 33 27 6.46576e-60
9 33 28 3.0141e-63
9 33 29 3.0141e-63
9 33 30 0
9 33 31 0
9 34 16 1.5919e-51
9 34 17 1.5919e-51
9 34 18 1.14922e-54
9 34 19 1.14922e-54
9 34 20 3.69883e-54
9 34 21 3.69883e-54
9 34 22 5.6272e-56
9 34 23 5.6272e-56
9 34 24 5.47162e-59
9 34 25 5.47162e-59
9 34 26 3.85007e-62
9 34 27 3.85007e-62
9 34 28 2.33923e-65
9 34 29 2.33923e-65
9 34 30 0
9 34 31 0
9 35 16 1.5919e-51
9 35 17 1.5919e-51
9 35 18 1.14922e-54
9 35 19 1.14922e-54
9 35 20 3.69883e-54
9 35 21 3.69883e-54
9 35 22 5.6272e-56
9 35 23 5.6272e-56
9 35 24 5.47162e-59
9 35 25 5.47162e-59
9 35 26 3.85007e-62
9 35 27 3.85007e-62
9 35 28 2.33923e-65
9 35 29 2.33923e-65
9 35 30 0
9 35 31 0
9 36 16 6.92193e-54
9 36 17 6.92193e-54
9 36 18 6.08806e-57
9 36 19 6.08806e-57
9 36 20 7.37708e-57
9 36 21 7.37708e-57
9 36 22 1.19144e-58
9 36 23 1.19144e-58
9 36 24 1.65452e-61
9 36 25 1.65452e-61
9 36 26 1.50805e-64
9 36 27 1.50805e-64
9 36 28 1.11637e-67
9 36 29 1.11637e-67
9 36 30 0
9 36 31 0
9 37 16 6.92193e-54
9 37 17 6.92193e-54
9 37 18 6.08806e-57
9 37 19 6.08806e-57
9 37 20 7.37708e-57
9 37 21 7.37708e-57
9 37 22 1.19144e-58
9 37 23 1.19144e-58
9 37 24 1.65452e-61
9 37 25 1.65452e-61
9 37 26 1.50805e-64
9 37 27 1.50805e-64
9 37 28 1.11637e-67
9 37 29 1.11637e-67
9 37 30 0
9 37 31 0
9 38 16 2.50257e-56
9 38 17 2.50257e-56
9 38 18 2.55695e-59
9 38 19 2.55695e-59
9 38 20 1.42932e-59
9 38 21 1.42932e-59
9 38 22 2.45496e-61
9 38 23 2.45496e-61
9 38 24 4.36747e-64
9 38 25 4.36747e-64
9 38 26 4.83266e-67
9 38 27 4.83266e-67
9 38 28 4.18183e-70
9 38 29 4.18183e-70
9 38 30 0
9 38 31 0
9 39 16 2.50257e-56
9 39 17 2.50257e-56
9 39 18 2.55695e-59
9 39 19 2.55695e-59
9 39 20 1.42932e-59
9 39 21 1.42932e-59
9 39 22 2.45496e-61
9 39 23 2.45496e-61
9 39 24 4.36747e-64
9 39 25 4.36747e-64
9 39 26 4.83266e-67
9 39 27 4.83266e-67
9 39 28 4.18183e-70
9 39 29 4.18183e-70
9 39 30 0
9 39 31 0
9 40 16 8.02876e-59
9 40 17 8.02876e-59
9 40 18 9.26144e-62
9 40 19 9.26144e-62
9 40 20 2.70271e-62
9 40 21 2.70271e-62
9 40 22 4.93759e-64
9 40 23 4.93759e-64
9 40 24 1.05846e-66
9 40 25 1.05846e-66
9 40 26 1.36564e-69
9 40 27 1.36564e-69
9 40 28 1.34373e-72
9 40 29 1.34373e-72
9 40 30 0
9 40 31 0
9 41 16 8.02876e-59
9 41 17 8.02876e-59
9 41 18 9.26144e-62
9 41 19 9.26144e-62
9 41 20 2.70271e-62
9 41 21 2.70271e-62
9 41 22 4.93759e-64
9 41 23 4.93759e-64
9 41 24 1.05846e-66
9 41 25 1.05846e-66
9 41 26 1.36564e-69
9 41 27 1.36564e-69
9 41 28 1.34373e-72
9 41 29 1.34373e-72
9 41 30 0
9 41 31 0
9 42 16 2.36107e-61
9 42 17 2.36107e-61
9 42 18 3.01644e-64
9 42 19 3.01644e-64
9 42 20 4.99155e-65
9 42 21 4.99155e-65
9 42 22 9.69018e-67
9 42 23 9.69018e-67
9 42 24 2.40888e-69
9 42 25 2.40888e-69
9 42 26 3.52758e-72
9 42 27 3.52758e-72
9 42 28 3.8708e-75
9 42 29 3.8708e-75
9 42 30 0
9 42 31 0
9 43 16 2.36107e-61
9 43 17 2.36107e-61
9 43 18 3.01644e-64
9 43 19 3.01644e-64
9 43 20 4.99155e-65
9 43 21 4.99155e-65
9 43 22 9.69018e-67
9 43 23 9.69018e-67
9 43 24 2.40888e-69
9 43 25 2.40888e-69
9 43 26 3.52758e-72
9 43 27 3.52758e-72
9 43 28 3.8708e-75
9 43 29 3.8708e-75
9 43 30 0
9 43 31 0
9 44 16 6.4865e-64
9 44 17 6.4865e-64
9 44 18 9.05179e-67
9 44 19 9.05179e-67
9 44 20 9.01246e-68
9 44 21 9.01246e-68
9 44 22 1.85561e-69
9 44 23 1.85561e-69
9 44 24 5.21381e-72
9 44 25 5.21381e-72
9 44 26 8.50281e-75
9 44 27 8.50281e-75
9 44 28 1.02568e-77
9 44 29 1.02568e-77
9 44 30 0
9 44 31 0
9 45 16 6.4865e-64
9 45 17 6.4865e-64
9 45 18 9.05179e-67
9 45 19 9.05179e-67
9 45 20 9.01246e-68
9 45 21 9.01246e-68
9 45 22 1.85561e-69
9 45 23 1.85561e-69
9 45 24 5.21381e-72
9 45 25 5.21381e-72
9 45 26 8.50281e-75
9 45 27 8.50281e-75
9 45 28 1.02568e-77
9 45 29 1.02568e-77
9 45 30 0
9 45 31 0
9 46 16 1.68535e-66
9 46 17 1.68535e-66
9 46 18 2.54218e-69
9 46 19 2.54218e-69
9 46 20 1.59372e-70
9 46 21 1.59372e-70
9 46 22 3.46962e-72
9 46 23 3.46962e-72
9 46 24 1.08214e-74
9 46 25 1.08214e-74
9 46 26 1.93798e-77
9 46 27 1.93798e-77
9 46 28 2.54198e-80
9 46 29 2.54198e-80
9 46 30 0
9 46 31 0
9 47 16 1.68535e-66
9 47 17 1.68535e-66
9 47 18 2.54218e-69
9 47 19 2.54218e-69
9 47 20 1.59372e-70
9 47 21 1.59372e-70
9 47 22 3.46962e-72
9 47 23 3.46962e-72
9 47 24 1.08214e-74
9 47 25 1.08214e-74
9 47 26 1.93798e-77
9 47 27 1.93798e-77
9 47 28 2.54198e-80
9 47 29 2.54198e-80
9 47 30 0
9 47 31 0
9 48 0 0
9 48 1 0
9 48 2 5.094e-75
9 48 3 0
9 48 4 6.34111e-69
9 48 5 6.35182e-69
9 48 6 7.51582e-69
9 48 7 0
9 48 8 9.26541e-63
9 48 9 9.23851e-63
9 48 10 5.55386e-62
9 48 11 5.56826e-62
9 48 12 6.91908e-64
9 48 13 5.84431e-64
9 48 14 2.88133e-66
9 48 15 1.73667e-66
9 49 0 0
9 49 1 0
9 49 2 1.65055e-76
9 49 3 0
9 49 4 6.88173e-71
9 49 5 6.89033e-71
9 49 6 2.43586e-70
9 49 7 0
9 49 8 1.0073e-64
9 49 9 1.00089e-64
9 49 10 6.39805e-64
9 49 11 6.43127e-64
9 49 12 9.2443e-66
9 49 13 6.77886e-66
9 49 14 4.63682e-68
9 49 15 2.00076e-68
9 50 0 0
9 50 1 0
9 50 2 3.56468e-78
9 50 3 0
9 50 4 7.46495e-73
9 50 5 7.44737e-73
9 50 6 5.26318e-72
9 50 7 0
9 50 8 1.09449e-66
9 50 9 1.08312e-66
9 50 10 7.34675e-66
9 50 11 7.40399e-66
9 50 12 1.207e-67
9 50 13 7.84062e-68
9 50 14 6.8421e-70
9 50 15 2.30162e-70
9 51 0 0
9 51 1 0
9 51 2 6.41427e-80
9 51 3 0
9 51 4 8.09402e-75
9 51 5 8.01183e-75
9 51 6 9.47569e-74
9 51 7 0
9 51 8 1.1886e-68
9 51 9 1.17081e-68
9 51 10 8.41052e-68
9 51 11 8.49794e-68
9 51 12 1.5476e-69
9 51 13 9.04448e-70
9 51 14 9.57785e-72
9 51 15 2.64396e-72
9 52 0 0
9 52 1 0
9 52 2 1.03856e-81
9 52 3 0
9 52 4 8.77248e-77
9 52 5 8.56925e-77
9 52 6 1.53512e-75
9 52 7 0
9 52 8 1.29016e-70
9 52 9 1.26424e-70
9 52 10 9.60084e-70
9 52 11 9.72561e-70
9 52 12 1.95522e-71
9 52 13 1.04069e-71
9 52 14 1.2936e-73
9 52 15 3.03369e-74
9 53 0 0
9 53 1 0
9 53 2 1.5692e-83
9 53 3 0
9 53 4 9.50411e-79
9 53 5 9.10118e-79
9 53 6 2.32078e-77
9 53 7 0
9 53 8 1.39973e-72
9 53 9 1.36368e-72
9 53 10 1.09301e-71
9 53 11 1.11006e-71
9 53 12 2.43998e-73
9 53 13 1.19459e-73
9 53 14 1.70212e-75
9 53 15 3.47327e-76
9 54 0 0
9 54 1 0
9 54 2 2.25765e-85
9 54 3 0
9 54 4 1.0293e-80
9 54 5 9.58442e-81
9 54 6 3.34085e-79
9 54 7 0
9 54 8 1.51792e-74
9 54 9 1.46943e-74
9 54 10 1.24119e-73
9 54 11 1.26378e-73
9 54 12 3.01317e-75
9 54 13 1.36816e-75
9 54 14 2.19519e-77
9 54 15 3.97611e-78
9 55 0 0
9 55 1 0
9 55 2 3.13161e-87
9 55 3 0
9 55 4 1.11437e-82
9 55 5 9.99028e-83
9 55 6 4.63669e-81
9 55 7 0
9 55 8 1.6454e-76
9 55 9 1.58179e-76
9 55 10 1.40608e-75
9 55 11 1.43533e-75
9 55 12 3.68749e-77
9 55 13 1.5636e-77
9 55 14 2.78624e-79
9 55 15 4.48625e-80
9 56 0 0
9 56 1 0
9 56 2 4.22257e-89
9 56 3 0
9 56 4 1.20609e-84
9 56 5 1.02836e-84
9 56 6 6.25528e-83
9 56 7 0
9 56 8 1.78286e-78
9 56 9 1.70104e-78
9 56 10 1.58927e-77
9 56 11 1.62647e-77
9 56 12 4.4771e-79
9 56 13 1.78332e-79
9 56 14 3.49042e-81
9 56 15 5.11888e-82
9 57 0 0
9 57 1 0
9 57 2 5.56619e-91
9 57 3 0
9 57 4 1.30499e-86
9 57 5 1.04218e-86
9 57 6 8.24994e-85
9 57 7 0
9 57 8 1.93107e-80
9 57 9 1.82748e-80
9 57 10 1.79247e-79
9 57 11 1.83908e-79
9 57 12 5.39778e-81
9 57 13 2.03001e-81
9 57 14 4.32489e-83
9 57 15 4.82539e-84
9 58 0 0
9 58 1 0
9 58 2 7.2029e-93
9 58 3 0
9 58 4 1.41163e-88
9 58 5 1.03533e-88
9 58 6 1.06811e-86
9 58 7 0
9 58 8 2.09083e-82
9 58 9 1.96143e-82
9 58 10 2.01754e-81
9 58 11 2.07525e-81
9 58 12 6.46714e-83
9 58 13 2.30658e-83
9 58 14 5.30882e-85
9 58 15 5.37838e-86
9 59 0 0
9 59 1 0
9 59 2 9.17837e-95
9 59 3 0
9 59 4 1.52663e-90
9 59 5 1.0017e-90
9 59 6 1.36169e-88
9 59 7 0
9 59 8 2.26303e-84
9 59 9 2.10317e-84
9 59 10 2.26648e-83
9 59 11 2.33722e-83
9 59 12 7.70476e-85
9 59 13 2.61628e-85
9 59 14 6.46102e-87
9 59 15 0
9 60 0 0
9 60 1 0
9 60 2 1.15441e-96
9 60 3 0
9 60 4 1.65064e-92
9 60 5 9.33951e-93
9 60 6 1.71344e-90
9 60 7 0
9 60 8 2.44861e-86
9 60 9 2.25303e-86
9 60 10 2.54149e-85
9 60 11 2.62741e-85
9 60 12 9.13234e-87
9 60 13 2.962e-87
9 60 14 1.71112e-89
9 60 15 3.22836e-92
9 61 0 0
9 61 1 0
9 61 2 1.43471e-98
9 61 3 0
9 61 4 1.78438e-94
9 61 5 8.23392e-95
9 61 6 2.13205e-92
9 61 7 0
9 61 8 2.64857e-88
9 61 9 2.41128e-88
9 61 10 2.8449e-87
9 61 11 2.94848e-87
9 61 12 1.07698e-88
9 61 13 3.33256e-89
9 61 14 0
9 61 15 0
9 62 0 0
9 62 1 0
9 62 2 1.4852e-100
9 62 3 0
9 62 4 1.92565e-96
9 62 5 6.45498e-97
9 62 6 2.62517e-94
9 62 7 0
9 62 8 2.86401e-90
9 62 9 2.57823e-90
9 62 10 3.17924e-89
9 62 11 3.30301e-89
9 62 12 1.24525e-90
9 62 13 3.05491e-91
9 62 14 0
9 62 15 0
9 63 0 0
9 63 1 0
9 63 2 0
9 63 3 0
9 63 4 1.77599e-98
9 63 5 0
9 63 6 5.95646e-97
9 63 7 2.65108e-99
9 63 8 3.09593e-92
9 63 9 2.75394e-92
9 63 10 3.54681e-91
9 63 11 3.6883e-91
9 63 12 9.30402e-93
9 63 13 0
9 63 14 0
9 63 15 0
9 48 16 2.08049e-69
9 48 17 2.08049e-69
9 48 18 2.90262e-72
9 48 19 2.90262e-72
9 48 20 9.27689e-74
9 48 21 9.27689e-74
9 48 22 2.30275e-75
9 48 23 2.30275e-75
9 48 24 7.5918e-78
9 48 25 7.5918e-78
9 48 26 1.41745e-80
9 48 27 1.41745e-80
9 48 28 1.92093e-83
9 48 29 1.92093e-83
9 48 30 0
9 48 31 0
9 49 16 2.08049e-69
9 49 17 2.08049e-69
9 49 18 2.90262e-72
9 49 19 2.90262e-72
9 49 20 9.27689e-74
9 49 21 9.27689e-74
9 49 22 2.30275e-75
9 49 23 2.30275e-75
9 49 24 7.5918e-78
9 49 25 7.5918e-78
9 49 26 1.41745e-80
9 49 27 1.41745e-80
9 49 28 1.92093e-83
9 49 29 1.92093e-83
9 49 30 0
9 49 31 0
9 50 16 4.14118e-72
9 50 17 4.14118e-72
9 50 18 7.17549e-75
9 50 19 7.17549e-75
9 50 20 1.53638e-76
9 50 21 1.53638e-76
9 50 22 4.00236e-78
9 50 23 4.00236e-78
9 50 24 1.43383e-80
9 50 25 1.43383e-80
9 50 26 2.89013e-83
9 50 27 2.89013e-83
9 50 28 4.20199e-86
9 50 29 4.20199e-86
9 50 30 0
9 50 31 0
9 51 16 4.14118e-72
9 51 17 4.14118e-72
9 51 18 7.17549e-75
9 51 19 7.17549e-75
9 51 20 1.53638e-76
9 51 21 1.53638e-76
9 51 22 4.00236e-78
9 51 23 4.00236e-78
9 51 24 1.43383e-80
9 51 25 1.43383e-80
9 51 26 2.89013e-83
9 51 27 2.89013e-83
9 51 28 4.20199e-86
9 51 29 4.20199e-86
9 51 30 0
9 51 31 0
9 52 16 7.74542e-75
9 52 17 7.74542e-75
9 52 18 1.63775e-77
9 52 19 1.63775e-77
9 52 20 2.52831e-79
9 52 21 2.52831e-79
9 52 22 6.84031e-81
9 52 23 6.84031e-81
9 52 24 2.64162e-83
9 52 25 2.64162e-83
9 52 26 5.71058e-86
9 52 27 5.71058e-86
9 52 28 8.85853e-89
9 52 29 8.85853e-89
9 52 30 0
9 52 31 0
9 53 16 7.74542e-75
9 53 17 7.74542e-75
9 53 18 1.63775e-77
9 53 19 1.63775e-77
9 53 20 2.52831e-79
9 53 21 2.52831e-79
9 53 22 6.84031e-81
9 53 23 6.84031e-81
9 53 24 2.64162e-83
9 53 25 2.64162e-83
9 53 26 5.71058e-86
9 53 27 5.71058e-86
9 53 28 8.85853e-89
9 53 29 8.85853e-89
9 53 30 0
9 53 31 0
9 54 16 1.4161e-77
9 54 17 1.4161e-77
9 54 18 3.5367e-80
9 54 19 3.5367e-80
9 54 20 4.14706e-82
9 54 21 4.14706e-82
9 54 22 1.15034e-83
9 54 23 1.15034e-83
9 54 24 4.75605e-86
9 54 25 4.75605e-86
9 54 26 1.09643e-88
9 54 27 1.09643e-88
9 54 28 1.80597e-91
9 54 29 1.80597e-91
9 54 30 0
9 54 31 0
9 55 16 1.4161e-77
9 55 17 1.4161e-77
9 55 18 3.5367e-80
9 55 19 3.5367e-80
9 55 20 4.14706e-82
9 55 21 4.14706e-82
9 55 22 1.15034e-83
9 55 23 1.15034e-83
9 55 24 4.75605e-86
9 55 25 4.75605e-86
9 55 26 1.09643e-88
9 55 27 1.09643e-88
9 55 28 1.80597e-91
9 55 29 1.80597e-91
9 55 30 0
9 55 31 0
9 56 16 2.55196e-80
9 56 17 2.55196e-80
9 56 18 7.32758e-83
9 56 19 7.32758e-83
9 56 20 6.80003e-85
9 56 21 6.80003e-85
9 56 22 1.90509e-86
9 56 23 1.90509e-86
9 56 24 8.3821e-89
9 56 25 8.3821e-89
9 56 26 2.05055e-91
9 56 27 2.05055e-91
9 56 28 3.57125e-94
9 56 29 3.57125e-94
9 56 30 0
9 56 31 0
9 57 16 2.55196e-80
9 57 17 2.55196e-80
9 57 18 7.32758e-83
9 57 19 7.32758e-83
9 57 20 6.80003e-85
9 57 21 6.80003e-85
9 57 22 1.90509e-86
9 57 23 1.90509e-86
9 57 24 8.3821e-89
9 57 25 8.3821e-89
9 57 26 2.05055e-91
9 57 27 2.05055e-91
9 57 28 3.57125e-94
9 57 29 3.57125e-94
9 57 30 0
9 57 31 0
9 58 16 4.54193e-83
9 58 17 4.54193e-83
9 58 18 1.46857e-85
9 58 19 1.46857e-85
9 58 20 1.11758e-87
9 58 21 1.11758e-87
9 58 22 3.11e-89
9 58 23 3.11e-89
9 58 24 1.44838e-91
9 58 25 1.44838e-91
9 58 26 3.74392e-94
9 58 27 3.74392e-94
9 58 28 6.86899e-97
9 58 29 6.86899e-97
9 58 30 0
9 58 31 0
9 59 16 4.54193e-83
9 59 17 4.54193e-83
9 59 18 1.46857e-85
9 59 19 1.46857e-85
9 59 20 1.11758e-87
9 59 21 1.11758e-87
9 59 22 3.11e-89
9 59 23 3.11e-89
9 59 24 1.44838e-91
9 59 25 1.44838e-91
9 59 26 3.74392e-94
9 59 27 3.74392e-94
9 59 28 6.86899e-97
9 59 29 6.86899e-97
9 59 30 0
9 59 31 0
9 60 16 7.98651e-86
9 60 17 7.98651e-86
9 60 18 2.86203e-88
9 60 19 2.86203e-88
9 60 20 1.8447e-90
9 60 21 1.8447e-90
9 60 22 5.00971e-92
9 60 23 5.00971e-92
9 60 24 2.45754e-94
9 60 25 2.45754e-94
9 60 26 6.68698e-97
9 60 27 6.68698e-97
9 60 28 1.28828e-99
9 60 29 1.28828e-99
9 60 30 0
9 60 31 0
9 61 16 7.98651e-86
9 61 17 7.98651e-86
9 61 18 2.86203e-88
9 61 19 2.86203e-88
9 61 20 1.8447e-90
9 61 21 1.8447e-90
9 61 22 5.00971e-92
9 61 23 5.00971e-92
9 61 24 2.45754e-94
9 61 25 2.45754e-94
9 61 26 6.68698e-97
9 61 27 6.68698e-97
9 61 28 1.28828e-99
9 61 29 1.28828e-99
9 61 30 0
9 61 31 0
9 62 16 1.38757e-88
9 62 17 1.38757e-88
9 62 18 5.44352e-91
9 62 19 5.44352e-91
9 62 20 3.06169e-93
9 62 21 3.06169e-93
9 62 22 7.97171e-95
9 62 23 7.97171e-95
9 62 24 4.10039e-97
9 62 25 4.10039e-97
9 62 26 1.17054e-99
9 62 27 1.17054e-99
9 62 28 2.36119e-102
9 62 29 2.36119e-102
9 62 30 0
9 62 31 0
9 63 16 1.38757e-88
9 63 17 1.38757e-88
9 63 18 5.44352e-91
9 63 19 5.44352e-91
9 63 20 3.06169e-93
9 63 21 3.06169e-93
9 63 22 7.97171e-95
9 63 23 7.97171e-95
9 63 24 4.10039e-97
9 63 25 4.10039e-97
9 63 26 1.17054e-99
9 63 27 1.17054e-99
9 63 28 2.36119e-102
9 63 29 2.36119e-102
9 63 30 0
9 63 31 0
9 64 0 0
9 64 1 0
9 64 2 0
9 64 3 0
9 64 4 1.64847e-99
9 64 5 1.64847e-99
9 64 6 0
9 64 7 0
9 64 8 3.16782e-93
9 64 9 3.16782e-93
9 64 10 3.98178e-92
9 64 11 3.98178e-92
9 64 12 9.75905e-94
9 64 13 9.75905e-94
9 64 14 0
9 64 15 0
9 65 0 0
9 65 1 0
9 65 2 0
9 65 3 0
9 65 4 1.64847e-99
9 65 5 1.64847e-99
9 65 6 0
9 65 7 0
9 65 8 3.16782e-93
9 65 9 3.16782e-93
9 65 10 3.98178e-92
9 65 11 3.98178e-92
9 65 12 9.75905e-94
9 65 13 9.75905e-94
9 65 14 0
9 65 15 0
9 66 0 0
9 66 1 0
9 66 2 0
9 66 3 0
9 66 4 3.2945e-102
9 66 5 3.2945e-102
9 66 6 0
9 66 7 0
9 66 8 5.50808e-96
9 66 9 5.50808e-96
9 66 10 7.50415e-95
9 66 11 7.50415e-95
9 66 12 1.86736e-96
9 66 13 1.86736e-96
9 66 14 0
9 66 15 0
9 67 0 0
9 67 1 0
9 67 2 0
9 67 3 0
9 67 4 3.2945e-102
9 67 5 3.2945e-102
9 67 6 0
9 67 7 0
9 67 8 5.50808e-96
9 67 9 5.50808e-96
9 67 10 7.50415e-95
9 67 11 7.50415e-95
9 67 12 1.86736e-96
9 67 13 1.86736e-96
9 67 14 0
9 67 15 0
9 68 0 0
9 68 1 0
9 68 2 0
9 68 3 0
9 68 4 6.01438e-105
9 68 5 6.01438e-105
9 68 6 0
9 68 7 0
9 68 8 8.56478e-99
9 68 9 8.56478e-99
9 68 10 1.30091e-97
9 68 11 1.30091e-97
9 68 12 3.28122e-99
9 68 13 3.28122e-99
9 68 14 0
9 68 15 0
9 69 0 0
9 69 1 0
9 69 2 0
9 69 3 0
9 69 4 6.01438e-105
9 69 5 6.01438e-105
9 69 6 0
9 69 7 0
9 69 8 8.56478e-99
9 69 9 8.56478e-99
9 69 10 1.30091e-97
9 69 11 1.30091e-97
9 69 12 3.28122e-99
9 69 13 3.28122e-99
9 69 14 0
9 69 15 0
9 70 0 0
9 70 1 0
9 70 2 0
9 70 3 0
9 70 4 1.04495e-107
9 70 5 1.04495e-107
9 70 6 0
9 70 7 0
9 70 8 1.25618e-101
9 70 9 1.25618e-101
9 70 10 2.18208e-100
9 70 11 2.18208e-100
9 70 12 5.57623e-102
9 70 13 5.57623e-102
9 70 14 0
9 70 15 0
9 71 0 0
9 71 1 0
9 71 2 0
9 71 3 0
9 71 4 1.04495e-107
9 71 5 1.04495e-107
9 71 6 0
9 71 7 0
9 71 8 1.25618e-101
9 71 9 1.25618e-101
9 71 10 2.18208e-100
9 71 11 2.18208e-100
9 71 12 5.57623e-102
9 71 13 5.57623e-102
9 71 14 0
9 71 15 0
9 72 0 0
9 72 1 0
9 72 2 0
9 72 3 0
9 72 4 1.75449e-110
9 72 5 1.75449e-110
9 72 6 0
9 72 7 0
9 72 8 1.77919e-104
9 72 9 1.77919e-104
9 72 10 3.60776e-103
9 72 11 3.60776e-103
9 72 12 9.34068e-105
9 72 13 9.34068e-105
9 72 14 0
9 72 15 0
9 73 0 0
9 73 1 0
9 73 2 0
9 73 3 0
9 73 4 1.75449e-110
9 73 5 1.75449e-110
9 73 6 0
9 73 7 0
9 73 8 1.77919e-104
9 73 9 1.77919e-104
9 73 10 3.60776e-103
9 73 11 3.60776e-103
9 73 12 9.34068e-105
9 73 13 9.34068e-105
9 73 14 0
9 73 15 0
9 74 0 0
9 74 1 0
9 74 2 0
9 74 3 0
9 74 4 2.86756e-113
9 74 5 2.86756e-113
9 74 6 0
9 74 7 0
9 74 8 2.46319e-107
9 74 9 2.46319e-107
9 74 10 5.91781e-106
9 74 11 5.91781e-106
9 74 12 1.55244e-107
9 74 13 1.55244e-107
9 74 14 0
9 74 15 0
9 75 0 0
9 75 1 0
9 75 2 0
9 75 3 0
9 75 4 2.86756e-113
9 75 5 2.86756e-113
9 75 6 0
9 75 7 0
9 75 8 2.46319e-107
9 75 9 2.46319e-107
9 75 10 5.91781e-106
9 75 11 5.91781e-106
9 75 12 1.55244e-107
9 75 13 1.55244e-107
9 75 14 0
9 75 15 0
9 76 0 0
9 76 1 0
9 76 2 0
9 76 3 0
9 76 4 4.58176e-116
9 76 5 4.58176e-116
9 76 6 0
9 76 7 0
9 76 8 3.35583e-110
9 76 9 3.35583e-110
9 76 10 9.64563e-109
9 76 11 9.64563e-109
9 76 12 2.56416e-110
9 76 13 2.56416e-110
9 76 14 0
9 76 15 0
9 77 0 0
9 77 1 0
9 77 2 0
9 77 3 0
9 77 4 4.58176e-116
9 77 5 4.58176e-116
9 77 6 0
9 77 7 0
9 77 8 3.35583e-110
9 77 9 3.35583e-110
9 77 10 9.64563e-109
9 77 11 9.64563e-109
9 77 12 2.56416e-110
9 77 13 2.56416e-110
9 77 14 0
9 77 15 0
9 78 0 0
9 78 1 0
9 78 2 0
9 78 3 0
9 78 4 7.17792e-119
9 78 5 7.17792e-119
9 78 6 0
9 78 7 0
9 78 8 4.51615e-113
9 78 9 4.51615e-113
9 78 10 1.56191e-111
9 78 11 1.56191e-111
9 78 12 4.20797e-113
9 78 13 4.20797e-113
9 78 14 0
9 78 15 0
9 79 0 0
9 79 1 0
9 79 2 0
9 79 3 0
9 79 4 7.17792e-119
9 79 5 7.17792e-119
9 79 6 0
9 79 7 0
9 79 8 4.51615e-113
9 79 9 4.51615e-113
9 79 10 1.56191e-111
9 79 11 1.56191e-111
9 79 12 4.20797e-113
9 79 13 4.20797e-113
9 79 14 0
9 79 15 0
9 64 16 7.95782e-92
9 64 17 7.95782e-92
9 64 18 3.26566e-94
9 64 19 3.26566e-94
9 64 20 1.33382e-96
9 64 21 1.33382e-96
9 64 22 3.28186e-98
9 64 23 3.28186e-98
9 64 24 1.70368e-100
9 64 25 1.70368e-100
9 64 26 4.89366e-103
9 64 27 4.89366e-103
9 64 28 9.90615e-106
9 64 29 9.90615e-106
9 64 30 0
9 64 31 0
9 65 16 7.95782e-92
9 65 17 7.95782e-92
9 65 18 3.26566e-94
9 65 19 3.26566e-94
9 65 20 1.33382e-96
9 65 21 1.33382e-96
9 65 22 3.28186e-98
9 65 23 3.28186e-98
9 65 24 1.70368e-100
9 65 25 1.70368e-100
9 65 26 4.89366e-103
9 65 27 4.89366e-103
9 65 28 9.90615e-106
9 65 29 9.90615e-106
9 65 30 0
9 65 31 0
9 66 16 1.32754e-94
9 66 17 1.32754e-94
9 66 18 5.86523e-97
9 66 19 5.86523e-97
9 66 20 2.24391e-99
9 66 21 2.24391e-99
9 66 22 4.9759e-101
9 66 23 4.9759e-101
9 66 24 2.68401e-103
9 66 25 2.68401e-103
9 66 26 8.04768e-106
9 66 27 8.04768e-106
9 66 28 1.69905e-108
9 66 29 1.69905e-108
9 66 30 0
9 66 31 0
9 67 16 1.32754e-94
9 67 17 1.32754e-94
9 67 18 5.86523e-97
9 67 19 5.86523e-97
9 67 20 2.24391e-99
9 67 21 2.24391e-99
9 67 22 4.9759e-101
9 67 23 4.9759e-101
9 67 24 2.68401e-103
9 67 25 2.68401e-103
9 67 26 8.04768e-106
9 67 27 8.04768e-106
9 67 28 1.69905e-108
9 67 29 1.69905e-108
9 67 30 0
9 67 31 0
9 68 16 2.1955e-97
9 68 17 2.1955e-97
9 68 18 1.03808e-99
9 68 19 1.03808e-99
9 68 20 3.8045e-102
9 68 21 3.8045e-102
9 68 22 7.50477e-104
9 68 23 7.50477e-104
9 68 24 4.18658e-106
9 68 25 4.18658e-106
9 68 26 1.307e-108
9 68 27 1.307e-108
9 68 28 2.8722e-111
9 68 29 2.8722e-111
9 68 30 0
9 68 31 0
9 69 16 2.1955e-97
9 69 17 2.1955e-97
9 69 18 1.03808e-99
9 69 19 1.03808e-99
9 69 20 3.8045e-102
9 69 21 3.8045e-102
9 69 22 7.50477e-104
9 69 23 7.50477e-104
9 69 24 4.18658e-106
9 69 25 4.18658e-106
9 69 26 1.307e-108
9 69 27 1.307e-108
9 69 28 2.8722e-111
9 69 29 2.8722e-111
9 69 30 0
9 69 31 0
9 70 16 3.59859e-100
9 70 17 3.59859e-100
9 70 18 1.81146e-102
9 70 19 1.81146e-102
9 70 20 6.47813e-105
9 70 21 6.47813e-105
9 70 22 1.12699e-106
9 70 23 1.12699e-106
9 70 24 6.47025e-109
9 70 25 6.47025e-109
9 70 26 2.09788e-111
9 70 27 2.09788e-111
9 70 28 4.78962e-114
9 70 29 4.78962e-114
9 70 30 0
9 70 31 0
9 71 16 3.59859e-100
9 71 17 3.59859e-100
9 71 18 1.81146e-102
9 71 19 1.81146e-102
9 71 20 6.47813e-105
9 71 21 6.47813e-105
9 71 22 1.12699e-106
9 71 23 1.12699e-106
9 71 24 6.47025e-109
9 71 25 6.47025e-109
9 71 26 2.09788e-111
9 71 27 2.09788e-111
9 71 28 4.78962e-114
9 71 29 4.78962e-114
9 71 30 0
9 71 31 0
9 72 16 5.84486e-103
9 72 17 5.84486e-103
9 72 18 3.1181e-105
9 72 19 3.1181e-105
9 72 20 1.10404e-107
9 72 21 1.10404e-107
9 72 22 1.68651e-109
9 72 23 1.68651e-109
9 72 24 9.91365e-112
9 72 25 9.91365e-112
9 72 26 3.33007e-114
9 72 27 3.33007e-114
9 72 28 7.88431e-117
9 72 29 7.88431e-117
9 72 30 0
9 72 31 0
9 73 16 5.84486e-103
9 73 17 5.84486e-103
9 73 18 3.1181e-105
9 73 19 3.1181e-105
9 73 20 1.10404e-107
9 73 21 1.10404e-107
9 73 22 1.68651e-109
9 73 23 1.68651e-109
9 73 24 9.91365e-112
9 73 25 9.91365e-112
9 73 26 3.33007e-114
9 73 27 3.33007e-114
9 73 28 7.88431e-117
9 73 29 7.88431e-117
9 73 30 0
9 73 31 0
9 74 16 9.40706e-106
9 74 17 9.40706e-106
9 74 18 5.29734e-108
9 74 19 5.29734e-108
9 74 20 1.8778e-110
9 74 21 1.8778e-110
9 74 22 2.51708e-112
9 74 23 2.51708e-112
9 74 24 1.5068e-114
9 74 25 1.5068e-114
9 74 26 5.23053e-117
9 74 27 5.23053e-117
9 74 28 1.28197e-119
9 74 29 1.28197e-119
9 74 30 0
9 74 31 0
9 75 16 9.40706e-106
9 75 17 9.40706e-106
9 75 18 5.29734e-108
9 75 19 5.29734e-108
9 75 20 1.8778e-110
9 75 21 1.8778e-110
9 75 22 2.51708e-112
9 75 23 2.51708e-112
9 75 24 1.5068e-114
9 75 25 1.5068e-114
9 75 26 5.23053e-117
9 75 27 5.23053e-117
9 75 28 1.28197e-119
9 75 29 1.28197e-119
9 75 30 0
9 75 31 0
9 76 16 1.50045e-108
9 76 17 1.50045e-108
9 76 18 8.88773e-111
9 76 19 8.88773e-111
9 76 20 3.18019e-113
9 76 21 3.18019e-113
9 76 22 3.74975e-115
9 76 23 3.74975e-115
9 76 24 2.27331e-117
9 76 25 2.27331e-117
9 76 26 8.13417e-120
9 76 27 8.13417e-120
9 76 28 2.06023e-122
9 76 29 2.06023e-122
9 76 30 0
9 76 31 0
9 77 16 1.50045e-108
9 77 17 1.50045e-108
9 77 18 8.88773e-111
9 77 19 8.88773e-111
9 77 20 3.18019e-113
9 77 21 3.18019e-113
9 77 22 3.74975e-115
9 77 23 3.74975e-115
9 77 24 2.27331e-117
9 77 25 2.27331e-117
9 77 26 8.13417e-120
9 77 27 8.13417e-120
9 77 28 2.06023e-122
9 77 29 2.06023e-122
9 77 30 0
9 77 31 0
9 78 16 2.37227e-111
9 78 17 2.37227e-111
9 78 18 1.47352e-113
9 78 19 1.47352e-113
9 78 20 5.35402e-116
9 78 21 5.35402e-116
9 78 22 5.58016e-118
9 78 23 5.58016e-118
9 78 24 3.40668e-120
9 78 25 3.40668e-120
9 78 26 1.2532e-122
9 78 27 1.2532e-122
9 78 28 3.27458e-125
9 78 29 3.27458e-125
9 78 30 0
9 78 31 0
9 79 16 2.37227e-111
9 79 17 2.37227e-111
9 79 18 1.47352e-113
9 79 19 1.47352e-113
9 79 20 5.35402e-116
9 79 21 5.35402e-116
9 79 22 5.58016e-118
9 79 23 5.58016e-118
9 79 24 3.40668e-120
9 79 25 3.40668e-120
9 79 26 1.2532e-122
9 79 27 1.2532e-122
9 79 28 3.27458e-125
9 79 29 3.27458e-125
9 79 30 0
9 79 31 0
9 80 0 0
9 80 1 0
9 80 2 0
9 80 3 0
9 80 4 1.5822e-122
9 80 5 1.5822e-122
9 80 6 0
9 80 7 0
9 80 8 8.89512e-117
9 80 9 8.89512e-117
9 80 10 7.23943e-115
9 80 11 7.23943e-115
9 80 12 1.9742e-116
9 80 13 1.9742e-116
9 80 14 0
9 80 15 0
9 81 0 0
9 81 1 0
9 81 2 0
9 81 3 0
9 81 4 1.5822e-122
9 81 5 1.5822e-122
9 81 6 0
9 81 7 0
9 81 8 8.89512e-117
9 81 9 8.89512e-117
9 81 10 7.23943e-115
9 81 11 7.23943e-115
9 81 12 1.9742e-116
9 81 13 1.9742e-116
9 81 14 0
9 81 15 0
9 82 0 0
9 82 1 0
9 82 2 0
9 82 3 0
9 82 4 2.14165e-125
9 82 5 2.14165e-125
9 82 6 0
9 82 7 0
9 82 8 1.12325e-119
9 82 9 1.12325e-119
9 82 10 1.13879e-117
9 82 11 1.13879e-117
9 82 12 3.15104e-119
9 82 13 3.15104e-119
9 82 14 0
9 82 15 0
9 83 0 0
9 83 1 0
9 83 2 0
9 83 3 0
9 83 4 2.14165e-125
9 83 5 2.14165e-125
9 83 6 0
9 83 7 0
9 83 8 1.12325e-119
9 83 9 1.12325e-119
9 83 10 1.13879e-117
9 83 11 1.13879e-117
9 83 12 3.15104e-119
9 83 13 3.15104e-119
9 83 14 0
9 83 15 0
9 84 0 0
9 84 1 0
9 84 2 0
9 84 3 0
9 84 4 2.94412e-128
9 84 5 2.94412e-128
9 84 6 0
9 84 7 0
9 84 8 1.40614e-122
9 84 9 1.40614e-122
9 84 10 1.77891e-120
9 84 11 1.77891e-120
9 84 12 4.99503e-122
9 84 13 4.99503e-122
9 84 14 0
9 84 15 0
9 85 0 0
9 85 1 0
9 85 2 0
9 85 3 0
9 85 4 2.94412e-128
9 85 5 2.94412e-128
9 85 6 0
9 85 7 0
9 85 8 1.40614e-122
9 85 9 1.40614e-122
9 85 10 1.77891e-120
9 85 11 1.77891e-120
9 85 12 4.99503e-122
9 85 13 4.99503e-122
9 85 14 0
9 85 15 0
9 86 0 0
9 86 1 0
9 86 2 0
9 86 3 0
9 86 4 4.08182e-131
9 86 5 4.08182e-131
9 86 6 0
9 86 7 0
9 86 8 1.73743e-125
9 86 9 1.73743e-125
9 86 10 2.75882e-123
9 86 11 2.75882e-123
9 86 12 7.86159e-125
9 86 13 7.86159e-125
9 86 14 0
9 86 15 0
9 87 0 0
9 87 1 0
9 87 2 0
9 87 3 0
9 87 4 4.08182e-131
9 87 5 4.08182e-131
9 87 6 0
9 87 7 0
9 87 8 1.73743e-125
9 87 9 1.73743e-125
9 87 10 2.75882e-123
9 87 11 2.75882e-123
9 87 12 7.86159e-125
9 87 13 7.86159e-125
9 87 14 0
9 87 15 0
9 88 0 0
9 88 1 0
9 88 2 0
9 88 3 0
9 88 4 5.67396e-134
9 88 5 5.67396e-134
9 88 6 0
9 88 7 0
9 88 8 2.10884e-128
9 88 9 2.10884e-128
9 88 10 4.2471e-126
9 88 11 4.2471e-126
9 88 12 1.22827e-127
9 88 13 1.22827e-127
9 88 14 1.57132e-131
9 88 15 1.57132e-131
9 89 0 0
9 89 1 0
9 89 2 0
9 89 3 0
9 89 4 5.67396e-134
9 89 5 5.67396e-134
9 89 6 0
9 89 7 0
9 89 8 2.10884e-128
9 89 9 2.10884e-128
9 89 10 4.2471e-126
9 89 11 4.2471e-126
9 89 12 1.22827e-127
9 89 13 1.22827e-127
9 89 14 1.57132e-131
9 89 15 1.57132e-131
9 90 0 0
9 90 1 0
9 90 2 0
9 90 3 0
9 90 4 7.87086e-137
9 90 5 7.87086e-137
9 90 6 0
9 90 7 0
9 90 8 2.49941e-131
9 90 9 2.49941e-131
9 90 10 6.49011e-129
9 90 11 6.49011e-129
9 90 12 1.90486e-130
9 90 13 1.90486e-130
9 90 14 6.96097e-134
9 90 15 6.96097e-134
9 91 0 0
9 91 1 0
9 91 2 0
9 91 3 0
9 91 4 7.87086e-137
9 91 5 7.87086e-137
9 91 6 0
9 91 7 0
9 91 8 2.49941e-131
9 91 9 2.49941e-131
9 91 10 6.49011e-129
9 91 11 6.49011e-129
9 91 12 1.90486e-130
9 91 13 1.90486e-130
9 91 14 6.96097e-134
9 91 15 6.96097e-134
9 92 0 0
9 92 1 0
9 92 2 0
9 92 3 0
9 92 4 1.08565e-139
9 92 5 1.08565e-139
9 92 6 0
9 92 7 0
9 92 8 2.86781e-134
9 92 9 2.86781e-134
9 92 10 9.84536e-132
9 92 11 9.84536e-132
9 92 12 2.93251e-133
9 92 13 2.93251e-133
9 92 14 1.6892e-136
9 92 15 1.6892e-136
9 93 0 0
9 93 1 0
9 93 2 0
9 93 3 0
9 93 4 1.08565e-139
9 93 5 1.08565e-139
9 93 6 0
9 93 7 0
9 93 8 2.86781e-134
9 93 9 2.86781e-134
9 93 10 9.84536e-132
9 93 11 9.84536e-132
9 93 12 2.93251e-133
9 93 13 2.93251e-133
9 93 14 1.6892e-136
9 93 15 1.6892e-136
9 94 0 0
9 94 1 0
9 94 2 0
9 94 3 0
9 94 4 1.48481e-142
9 94 5 1.48481e-142
9 94 6 0
9 94 7 0
9 94 8 3.15512e-137
9 94 9 3.15512e-137
9 94 10 1.48283e-134
9 94 11 1.48283e-134
9 94 12 4.48202e-136
9 94 13 4.48202e-136
9 94 14 3.90111e-139
9 94 15 3.90111e-139
9 95 0 0
9 95 1 0
9 95 2 0
9 95 3 0
9 95 4 1.48481e-142
9 95 5 1.48481e-142
9 95 6 0
9 95 7 0
9 95 8 3.15512e-137
9 95 9 3.15512e-137
9 95 10 1.48283e-134
9 95 11 1.48283e-134
9 95 12 4.48202e-136
9 95 13 4.48202e-136
9 95 14 3.90111e-139
9 95 15 3.90111e-139
9 80 16 4.40235e-115
9 80 17 4.41448e-115
9 80 18 3.21976e-117
9 80 19 2.40774e-117
9 80 20 1.14521e-119
9 80 21 7.01312e-120
9 80 22 4.95096e-122
9 80 23 3.66418e-122
9 80 24 2.32881e-124
9 80 25 2.88961e-125
9 80 26 1.13109e-126
9 80 27 4.84024e-127
9 80 28 4.49336e-129
9 80 29 1.69384e-129
9 80 30 2.7564e-131
9 80 31 0
9 81 16 4.77904e-117
9 81 17 4.80537e-117
9 81 18 4.38344e-119
9 81 19 2.62008e-119
9 81 20 1.72601e-121
9 81 21 7.62869e-122
9 81 22 6.75118e-124
9 81 23 3.96065e-124
9 81 24 2.82972e-126
9 81 25 0
9 81 26 0
9 81 27 0
9 81 28 1.56068e-129
9 81 29 3.67981e-130
9 81 30 1.71141e-131
9 81 31 0
9 82 16 5.18594e-119
9 82 17 5.22878e-119
9 82 18 5.72287e-121
9 82 19 2.85194e-121
9 82 20 2.39769e-123
9 82 21 8.30553e-124
9 82 22 8.81578e-126
9 82 23 4.23914e-126
9 82 24 0
9 82 25 0
9 82 26 0
9 82 27 0
9 82 28 0
9 82 29 6.12289e-131
9 82 30 4.89055e-132
9 82 31 0
9 83 16 5.62537e-121
9 83 17 5.68731e-121
9 83 18 7.25855e-123
9 83 19 3.10522e-123
9 83 20 3.17141e-125
9 83 21 9.05023e-126
9 83 22 1.10478e-127
9 83 23 3.37925e-128
9 83 24 0
9 83 25 0
9 83 26 0
9 83 27 0
9 83 28 0
9 83 29 0
9 83 30 6.82606e-133
9 83 31 0
9 84 16 6.09981e-123
9 84 17 6.18376e-123
9 84 18 9.0131e-125
9 84 19 3.38198e-125
9 84 20 4.05954e-127
9 84 21 9.86929e-128
9 84 22 1.1757e-129
9 84 23 0
9 84 24 0
9 84 25 0
9 84 26 0
9 84 27 0
9 84 28 0
9 84 29 0
9 84 30 5.23422e-134
9 84 31 0
9 85 16 6.61194e-125
9 85 17 6.72113e-125
9 85 18 1.10114e-126
9 85 19 3.6845e-127
9 85 20 5.07583e-129
9 85 21 1.07639e-129
9 85 22 0
9 85 23 0
9 85 24 0
9 85 25 0
9 85 26 0
9 85 27 0
9 85 28 0
9 85 29 0
9 85 30 2.06915e-135
9 85 31 0
9 86 16 7.16465e-127
9 86 17 7.30266e-127
9 86 18 1.32809e-128
9 86 19 4.01528e-129
9 86 20 6.23548e-131
9 86 21 1.17021e-131
9 86 22 0
9 86 23 0
9 86 24 0
9 86 25 0
9 86 26 0
9 86 27 0
9 86 28 0
9 86 29 0
9 86 30 0
9 86 31 0
9 87 16 7.76124e-129
9 87 17 7.93187e-129
9 87 18 1.58518e-130
9 87 19 4.37706e-131
9 87 20 7.55512e-133
9 87 21 1.25057e-133
9 87 22 0
9 87 23 0
9 87 24 0
9 87 25 0
9 87 26 0
9 87 27 0
9 87 28 0
9 87 29 0
9 87 30 0
9 87 31 0
9 88 16 8.40472e-131
9 88 17 8.6125e-131
9 88 18 1.87571e-132
9 88 19 4.77286e-133
9 88 20 9.0524e-135
9 88 21 1.24743e-135
9 88 22 0
9 88 23 0
9 88 24 0
9 88 25 0
9 88 26 0
9 88 27 0
9 88 28 0
9 88 29 0
9 88 30 0
9 88 31 0
9 89 16 9.10885e-133
9 89 17 9.34864e-133
9 89 18 2.20335e-134
9 89 19 5.20599e-135
9 89 20 1.07446e-136
9 89 21 9.3149e-138
9 89 22 0
9 89 23 0
9 89 24 0
9 89 25 0
9 89 26 0
9 89 27 0
9 89 28 0
9 89 29 0
9 89 30 0
9 89 31 0
9 90 16 9.86034e-135
9 90 17 1.01446e-134
9 90 18 2.57208e-136
9 90 19 5.68009e-137
9 90 20 1.26449e-138
9 90 21 0
9 90 22 0
9 90 23 0
9 90 24 0
9 90 25 0
9 90 26 0
9 90 27 0
9 90 28 0
9 90 29 0
9 90 30 0
9 90 31 0
9 91 16 1.08929e-136
9 91 17 1.10056e-136
9 91 18 2.98631e-138
9 91 19 6.19916e-139
9 91 20 1.47534e-140
9 91 21 0
9 91 22 0
9 91 23 0
9 91 24 0
9 91 25 0
9 91 26 0
9 91 27 0
9 91 28 0
9 91 29 0
9 91 30 0
9 91 31 0
9 92 16 1.1832e-138
9 92 17 1.19364e-138
9 92 18 3.45088e-140
9 92 19 6.76757e-141
9 92 20 1.70394e-142
9 92 21 0
9 92 22 0
9 92 23 0
9 92 24 0
9 92 25 0
9 92 26 0
9 92 27 0
9 92 28 0
9 92 29 0
9 92 30 0
9 92 31 0
9 93 16 1.76356e-140
9 93 17 1.29514e-140
9 93 18 3.97123e-142
9 93 19 7.39014e-143
9 93 20 1.94057e-144
9 93 21 0
9 93 22 0
9 93 23 0
9 93 24 0
9 93 25 0
9 93 26 0
9 93 27 0
9 93 28 0
9 93 29 0
9 93 30 0
9 93 31 0
9 94 16 2.00457e-142
9 94 17 1.40508e-142
9 94 18 4.55325e-144
9 94 19 8.07215e-145
9 94 20 2.16249e-146
9 94 21 0
9 94 22 0
9 94 23 0
9 94 24 0
9 94 25 0
9 94 26 0
9 94 27 0
9 94 28 0
9 94 29 0
9 94 30 0
9 94 31 0
9 95 16 1.1743e-143
9 95 17 1.5416e-144
9 95 18 5.20632e-146
9 95 19 8.81892e-147
9 95 20 2.32281e-148
9 95 21 0
9 95 22 0
9 95 23 0
9 95 24 0
9 95 25 0
9 95 26 0
9 95 27 0
9 95 28 0
9 95 29 0
9 95 30 0
9 95 31 0
9 96 0 0
9 96 1 0
9 96 2 4.45965e-151
9 96 3 4.30659e-151
9 96 4 1.36609e-150
9 96 5 0
9 96 6 1.88176e-144
9 96 7 1.8857e-144
9 96 8 1.37798e-144
9 96 9 0
9 96 10 1.71939e-138
9 96 11 1.72407e-138
9 96 12 5.75866e-140
9 96 13 5.45521e-140
9 96 14 2.6492e-143
9 96 15 5.65059e-143
9 97 0 0
9 97 1 0
9 97 2 2.5546e-153
9 97 3 0
9 97 4 0
9 97 5 0
9 97 6 2.0301e-146
9 97 7 2.03757e-146
9 97 8 4.4499e-146
9 97 9 0
9 97 10 1.85717e-140
9 97 11 1.86727e-140
9 97 12 6.5699e-142
9 97 13 5.91121e-142
9 97 14 0
9 97 15 4.74025e-145
9 98 0 0
9 98 1 0
9 98 2 0
9 98 3 0
9 98 4 0
9 98 5 0
9 98 6 6.49171e-149
9 98 7 2.20938e-148
9 98 8 9.58199e-148
9 98 9 0
9 98 10 2.00553e-142
9 98 11 2.02186e-142
9 98 12 7.4326e-144
9 98 13 6.25995e-144
9 98 14 0
9 98 15 0
9 99 0 0
9 99 1 0
9 99 2 0
9 99 3 0
9 99 4 0
9 99 5 0
9 99 6 0
9 99 7 2.15855e-150
9 99 8 1.71488e-149
9 99 9 0
9 99 10 2.16521e-144
9 99 11 2.1875e-144
9 99 12 7.32243e-146
9 99 13 2.55132e-146
9 99 14 0
9 99 15 0
9 100 0 0
9 100 1 0
9 100 2 0
9 100 3 0
9 100 4 0
9 100 5 0
9 100 6 0
9 100 7 0
9 100 8 2.36902e-151
9 100 9 0
9 100 10 2.33625e-146
9 100 11 2.34928e-146
9 100 12 0
9 100 13 0
9 100 14 0
9 100 15 0
9 101 0 0
9 101 1 0
9 101 2 0
9 101 3 0
9 101 4 0
9 101 5 0
9 101 6 0
9 101 7 0
9 101 8 0
9 101 9 0
9 101 10 2.51311e-148
9 101 11 2.37082e-148
9 101 12 0
9 101 13 0
9 101 14 0
9 101 15 0
9 102 0 0
9 102 1 0
9 102 2 0
9 102 3 0
9 102 4 0
9 102 5 0
9 102 6 0
9 102 7 0
9 102 8 0
9 102 9 0
9 102 10 2.65902e-150
9 102 11 1.4101e-150
9 102 12 0
9 102 13 0
9 102 14 0
9 102 15 0
9 103 0 0
9 103 1 0
9 103 2 0
9 103 3 0
9 103 4 0
9 103 5 0
9 103 6 0
9 103 7 0
9 103 8 0
9 103 9 0
9 103 10 2.60182e-152
9 103 11 0
9 103 12 0
9 103 13 0
9 103 14 0
9 103 15 0
9 104 0 0
9 104 1 0
9 104 2 0
9 104 3 0
9 104 4 0
9 104 5 0
9 104 6 0
9 104 7 0
9 104 8 0
9 104 9 0
9 104 10 1.6879e-154
9 104 11 0
9 104 12 0
9 104 13 0
9 104 14 0
9 104 15 0
9 105 0 0
9 105 1 0
9 105 2 0
9 105 3 0
9 105 4 0
9 105 5 0
9 105 6 0
9 105 7 0
9 105 8 0
9 105 9 0
9 105 10 0
9 105 11 0
9 105 12 0
9 105 13 0
9 105 14 0
9 105 15 0
9 106 0 0
9 106 1 0
9 106 2 0
9 106 3 0
9 106 4 0
9 106 5 0
9 106 6 0
9 106 7 0
9 106 8 0
9 106 9 0
9 106 10 0
9 106 11 0
9 106 12 0
9 106 13 0
9 106 14 0
9 106 15 0
9 107 0 0
9 107 1 0
9 107 2 0
9 107 3 0
9 107 4 0
9 107 5 0
9 107 6 0
9 107 7 0
9 107 8 0
9 107 9 0
9 107 10 0
9 107 11 0
9 107 12 0
9 107 13 0
9 107 14 0
9 107 15 0
9 108 0 0
9 108 1 0
9 108 2 0
9 108 3 0
9 108 4 0
9 108 5 0
9 108 6 0
9 108 7 0
9 108 8 0
9 108 9 0
9 108 10 0
9 108 11 0
9 108 12 0
9 108 13 0
9 108 14 0
9 108 15 0
9 109 0 0
9 109 1 0
9 109 2 0
9 109 3 0
9 109 4 0
9 109 5 0
9 109 6 0
9 109 7 0
9 109 8 0
9 109 9 0
9 109 10 0
9 109 11 0
9 109 12 0
9 109 13 0
9 109 14 0
9 109 15 0
9 110 0 0
9 110 1 0
9 110 2 0
9 110 3 0
9 110 4 0
9 110 5 0
9 110 6 0
9 110 7 0
9 110 8 0
9 110 9 0
9 110 10 0
9 110 11 0
9 110 12 0
9 110 13 0
9 110 14 0
9 110 15 0
9 111 0 0
9 111 1 0
9 111 2 0
9 111 3 0
9 111 4 0
9 111 5 0
9 111 6 0
9 111 7 0
9 111 8 0
9 111 9 0
9 111 10 0
9 111 11 0
9 111 12 0
9 111 13 0
9 111 14 0
9 111 15 0
9 96 16 2.14711e-147
9 96 17 1.33179e-148
9 96 18 4.21677e-150
9 96 19 6.49227e-151
9 96 20 1.86212e-152
9 96 21 3.43345e-155
9 96 22 6.32906e-158
9 96 23 1.1664e-160
9 96 24 2.14912e-163
9 96 25 3.95908e-166
9 96 26 7.29214e-169
9 96 27 1.34292e-171
9 96 28 2.47279e-174
9 96 29 4.55276e-177
9 96 30 8.38141e-180
9 96 31 0
9 97 16 3.11709e-149
9 97 17 1.49464e-150
9 97 18 4.82308e-152
9 97 19 7.08907e-153
9 97 20 2.13787e-154
9 97 21 7.64101e-157
9 97 22 2.09007e-159
9 97 23 5.10732e-162
9 97 24 1.17225e-164
9 97 25 2.58522e-167
9 97 26 5.54535e-170
9 97 27 1.16548e-172
9 97 28 2.4115e-175
9 97 29 4.92833e-178
9 97 30 9.97138e-181
9 97 31 0
9 98 16 3.36608e-151
9 98 17 1.67471e-152
9 98 18 5.50943e-154
9 98 19 7.74417e-155
9 98 20 2.44687e-156
9 98 21 1.27429e-158
9 98 22 4.59955e-161
9 98 23 1.39738e-163
9 98 24 3.83591e-166
9 98 25 9.84665e-169
9 98 26 2.40973e-171
9 98 27 5.69002e-174
9 98 28 1.30672e-176
9 98 29 2.9349e-179
9 98 30 6.47289e-182
9 98 31 0
9 99 16 3.63431e-153
9 99 17 1.87369e-154
9 99 18 6.28539e-156
9 99 19 8.4636e-157
9 99 20 2.79281e-158
9 99 21 1.88753e-160
9 99 22 8.43171e-163
9 99 23 3.05785e-165
9 99 24 9.76105e-168
9 99 25 2.85708e-170
9 99 26 7.85297e-173
9 99 27 2.05779e-175
9 99 28 5.19363e-178
9 99 29 1.27172e-180
9 99 30 3.03722e-183
9 99 31 0
9 100 16 3.92322e-155
9 100 17 2.09338e-156
9 100 18 7.16161e-158
9 100 19 9.25407e-159
9 100 20 3.17981e-160
9 100 21 2.61921e-162
9 100 22 1.39057e-164
9 100 23 5.85347e-167
9 100 24 2.128e-169
9 100 25 6.97722e-172
9 100 26 2.14683e-174
9 100 27 6.34378e-177
9 100 28 1.8224e-179
9 100 29 5.10752e-182
9 100 30 1.3962e-184
9 100 31 0
9 101 16 4.23438e-157
9 101 17 2.33577e-158
9 101 18 8.1499e-160
9 101 19 1.0123e-160
9 101 20 3.61239e-162
9 101 21 3.48671e-164
9 101 22 2.13956e-166
9 101 23 1.02191e-168
9 101 24 4.01665e-171
9 101 25 1.31588e-173
9 101 26 2.07893e-175
9 101 27 1.76698e-177
9 101 28 9.99229e-180
9 101 29 4.39535e-182
9 101 30 1.63438e-184
9 101 31 0
9 102 16 4.56947e-159
9 102 17 2.60303e-160
9 102 18 9.26334e-162
9 102 19 1.10786e-162
9 102 20 4.0956e-164
9 102 21 4.50623e-166
9 102 22 3.12054e-168
9 102 23 1.41716e-170
9 102 24 0
9 102 25 9.32423e-174
9 102 26 6.45217e-175
9 102 27 5.92018e-177
9 102 28 3.35723e-179
9 102 29 1.46426e-181
9 102 30 5.38695e-184
9 102 31 0
9 103 16 4.93029e-161
9 103 17 2.89751e-162
9 103 18 1.05165e-163
9 103 19 1.213e-164
9 103 20 4.63418e-166
9 103 21 1.13095e-168
9 103 22 7.41067e-170
9 103 23 0
9 103 24 1.35579e-172
9 103 25 2.31623e-173
9 103 26 1.05439e-174
9 103 27 9.37807e-177
9 103 28 5.25145e-179
9 103 29 2.2739e-181
9 103 30 8.324e-184
9 103 31 0
9 104 16 5.31877e-163
9 104 17 3.22179e-164
9 104 18 1.19253e-165
9 104 19 1.32869e-166
9 104 20 5.21971e-168
9 104 21 0
9 104 22 0
9 104 23 0
9 104 24 7.25826e-173
9 104 25 1.48044e-173
9 104 26 6.96264e-175
9 104 27 6.2508e-177
9 104 28 3.52639e-179
9 104 29 1.53738e-181
9 104 30 5.66448e-184
9 104 31 0
9 105 16 5.73701e-165
9 105 17 3.57866e-166
9 105 18 1.35074e-167
9 105 19 1.45429e-168
9 105 20 5.24217e-170
9 105 21 0
9 105 22 0
9 105 23 0
9 105 24 0
9 105 25 2.51035e-174
9 105 26 1.98133e-175
9 105 27 1.87199e-177
9 105 28 1.08718e-179
9 105 29 4.84737e-182
9 105 30 1.82115e-184
9 105 31 0
9 106 16 6.18724e-167
9 106 17 3.97117e-168
9 106 18 1.52773e-169
9 106 19 1.54559e-170
9 106 20 0
9 106 21 0
9 106 22 0
9 106 23 0
9 106 24 0
9 106 25 0
9 106 26 2.75134e-176
9 106 27 2.90175e-178
9 106 28 1.78066e-180
9 106 29 8.26398e-183
9 106 30 3.21041e-185
9 106 31 0
9 107 16 6.67186e-169
9 107 17 4.40262e-170
9 107 18 1.71867e-171
9 107 19 9.45882e-173
9 107 20 0
9 107 21 0
9 107 22 0
9 107 23 0
9 107 24 0
9 107 25 0
9 107 26 2.09435e-177
9 107 27 2.71021e-179
9 107 28 1.80858e-181
9 107 29 8.88134e-184
9 107 30 3.61011e-186
9 107 31 0
9 108 16 7.19345e-171
9 108 17 4.87634e-172
9 108 18 1.86559e-173
9 108 19 0
9 108 20 0
9 108 21 0
9 108 22 0
9 108 23 0
9 108 24 0
9 108 25 0
9 108 26 8.12551e-179
9 108 27 1.66222e-180
9 108 28 1.25788e-182
9 108 29 6.65938e-185
9 108 30 2.86561e-187
9 108 31 0
9 109 16 7.75479e-173
9 109 17 5.39462e-174
9 109 18 1.60099e-175
9 109 19 0
9 109 20 0
9 109 21 0
9 109 22 0
9 109 23 0
9 109 24 0
9 109 25 0
9 109 26 0
9 109 27 6.94726e-182
9 109 28 6.41719e-184
9 109 29 3.74815e-186
9 109 30 1.72761e-188
9 109 31 0
9 110 16 8.35884e-175
9 110 17 5.95416e-176
9 110 18 0
9 110 19 0
9 110 20 0
9 110 21 0
9 110 22 0
9 110 23 0
9 110 24 0
9 110 25 0
9 110 26 0
9 110 27 1.81317e-183
9 110 28 2.48336e-185
9 110 29 1.66018e-187
9 110 30 8.31744e-190
9 110 31 0
9 111 16 9.00827e-177
9 111 17 6.53076e-178
9 111 18 0
9 111 19 0
9 111 20 0
9 111 21 0
9 111 22 0
9 111 23 0
9 111 24 0
9 111 25 0
9 111 26 0
9 111 27 6.71643e-186
9 111 28 7.17785e-187
9 111 29 5.9272e-189
9 111 30 3.3011e-191
9 111 31 0
9 112 0 0
9 112 1 0
9 112 2 0
9 112 3 0
9 112 4 1.41087e-200
9 112 5 1.41087e-200
9 112 6 0
9 112 7 0
9 112 8 3.69265e-193
9 112 9 3.69265e-193
9 112 10 0
9 112 11 0
9 112 12 9.78559e-186
9 112 13 9.78559e-186
9 112 14 0
9 112 15 0
9 113 0 0
9 113 1 0
9 113 2 0
9 113 3 0
9 113 4 1.41087e-200
9 113 5 1.41087e-200
9 113 6 0
9 113 7 0
9 113 8 3.69265e-193
9 113 9 3.69265e-193
9 113 10 0
9 113 11 0
9 113 12 9.78559e-186
9 113 13 9.78559e-186
9 113 14 0
9 113 15 0
9 114 0 0
9 114 1 0
9 114 2 0
9 114 3 0
9 114 4 1.17341e-202
9 114 5 1.17341e-202
9 114 6 0
9 114 7 0
9 114 8 2.17987e-195
9 114 9 2.17987e-195
9 114 10 0
9 114 11 0
9 114 12 3.44581e-188
9 114 13 3.44581e-188
9 114 14 0
9 114 15 0
9 115 0 0
9 115 1 0
9 115 2 0
9 115 3 0
9 115 4 1.17341e-202
9 115 5 1.17341e-202
9 115 6 0
9 115 7 0
9 115 8 2.17987e-195
9 115 9 2.17987e-195
9 115 10 0
9 115 11 0
9 115 12 3.44581e-188
9 115 13 3.44581e-188
9 115 14 0
9 115 15 0
9 116 0 0
9 116 1 0
9 116 2 0
9 116 3 0
9 116 4 5.60631e-205
9 116 5 5.60631e-205
9 116 6 0
9 116 7 0
9 116 8 7.7687e-198
9 116 9 7.7687e-198
9 116 10 0
9 116 11 0
9 116 12 8.14994e-191
9 116 13 8.14994e-191
9 116 14 0
9 116 15 0
9 117 0 0
9 117 1 0
9 117 2 0
9 117 3 0
9 117 4 5.60631e-205
9 117 5 5.60631e-205
9 117 6 0
9 117 7 0
9 117 8 7.7687e-198
9 117 9 7.7687e-198
9 117 10 0
9 117 11 0
9 117 12 8.14994e-191
9 117 13 8.14994e-191
9 117 14 0
9 117 15 0
9 118 0 0
9 118 1 0
9 118 2 0
9 118 3 0
9 118 4 2.01926e-207
9 118 5 2.01926e-207
9 118 6 0
9 118 7 0
9 118 8 2.1667e-200
9 118 9 2.1667e-200
9 118 10 0
9 118 11 0
9 118 12 1.61896e-193
9 118 13 1.61896e-193
9 118 14 0
9 118 15 0
9 119 0 0
9 119 1 0
9 119 2 0
9 119 3 0
9 119 4 2.01926e-207
9 119 5 2.01926e-207
9 119 6 0
9 119 7 0
9 119 8 2.1667e-200
9 119 9 2.1667e-200
9 119 10 0
9 119 11 0
9 119 12 1.61896e-193
9 119 13 1.61896e-193
9 119 14 0
9 119 15 0
9 120 0 0
9 120 1 0
9 120 2 0
9 120 3 0
9 120 4 6.09026e-210
9 120 5 6.09026e-210
9 120 6 0
9 120 7 0
9 120 8 5.21096e-203
9 120 9 5.21096e-203
9 120 10 0
9 120 11 0
9 120 12 2.91733e-196
9 120 13 2.91733e-196
9 120 14 0
9 120 15 0
9 121 0 0
9 121 1 0
9 121 2 0
9 121 3 0
9 121 4 6.09026e-210
9 121 5 6.09026e-210
9 121 6 0
9 121 7 0
9 121 8 5.21096e-203
9 121 9 5.21096e-203
9 121 10 0
9 121 11 0
9 121 12 2.91733e-196
9 121 13 2.91733e-196
9 121 14 0
9 121 15 0
9 122 0 0
9 122 1 0
9 122 2 0
9 122 3 0
9 122 4 1.62374e-212
9 122 5 1.62374e-212
9 122 6 0
9 122 7 0
9 122 8 1.13439e-205
9 122 9 1.13439e-205
9 122 10 0
9 122 11 0
9 122 12 4.94433e-199
9 122 13 4.94433e-199
9 122 14 0
9 122 15 0
9 123 0 0
9 123 1 0
9 123 2 0
9 123 3 0
9 123 4 1.62374e-212
9 123 5 1.62374e-212
9 123 6 0
9 123 7 0
9 123 8 1.13439e-205
9 123 9 1.13439e-205
9 123 10 0
9 123 11 0
9 123 12 4.94433e-199
9 123 13 4.94433e-199
9 123 14 0
9 123 15 0
9 124 0 0
9 124 1 0
9 124 2 0
9 124 3 0
9 124 4 3.95169e-215
9 124 5 3.95169e-215
9 124 6 0
9 124 7 0
9 124 8 2.29875e-208
9 124 9 2.29875e-208
9 124 10 0
9 124 11 0
9 124 12 8.03869e-202
9 124 13 8.03869e-202
9 124 14 0
9 124 15 0
9 125 0 0
9 125 1 0
9 125 2 0
9 125 3 0
9 125 4 3.95169e-215
9 125 5 3.95169e-215
9 125 6 0
9 125 7 0
9 125 8 2.29875e-208
9 125 9 2.29875e-208
9 125 10 0
9 125 11 0
9 125 12 8.03869e-202
9 125 13 8.03869e-202
9 125 14 0
9 125 15 0
9 126 0 0
9 126 1 0
9 126 2 0
9 126 3 0
9 126 4 0
9 126 5 0
9 126 6 0
9 126 7 0
9 126 8 0
9 126 9 0
9 126 10 0
9 126 11 0
9 126 12 0
9 126 13 0
9 126 14 0
9 126 15 0
9 127 0 0
9 127 1 0
9 127 2 0
9 127 3 0
9 127 4 0
9 127 5 0
9 127 6 0
9 127 7 0
9 127 8 0
9 127 9 0
9 127 10 0
9 127 11 0
9 127 12 0
9 127 13 0
9 127 14 0
9 127 15 0
9 112 16 5.21395e-178
9 112 17 5.21395e-178
9 112 18 2.48186e-181
9 112 19 2.48186e-181
9 112 20 9.74825e-185
9 112 21 9.74825e-185
9 112 22 3.51557e-188
9 112 23 3.51557e-188
9 112 24 0
9 112 25 0
9 112 26 8.47129e-187
9 112 27 8.47129e-187
9 112 28 1.23238e-188
9 112 29 1.23238e-188
9 112 30 0
9 112 31 0
9 113 16 5.21395e-178
9 113 17 5.21395e-178
9 113 18 2.48186e-181
9 113 19 2.48186e-181
9 113 20 9.74825e-185
9 113 21 9.74825e-185
9 113 22 3.51557e-188
9 113 23 3.51557e-188
9 113 24 0
9 113 25 0
9 113 26 8.47129e-187
9 113 27 8.47129e-187
9 113 28 1.23238e-188
9 113 29 1.23238e-188
9 113 30 0
9 113 31 0
9 114 16 9.04847e-181
9 114 17 9.04847e-181
9 114 18 7.43914e-184
9 114 19 7.43914e-184
9 114 20 4.11956e-187
9 114 21 4.11956e-187
9 114 22 1.91882e-190
9 114 23 1.91882e-190
9 114 24 0
9 114 25 0
9 114 26 1.39807e-189
9 114 27 1.39807e-189
9 114 28 2.08298e-191
9 114 29 2.08298e-191
9 114 30 0
9 114 31 0
9 115 16 9.04847e-181
9 115 17 9.04847e-181
9 115 18 7.43914e-184
9 115 19 7.43914e-184
9 115 20 4.11956e-187
9 115 21 4.11956e-187
9 115 22 1.91882e-190
9 115 23 1.91882e-190
9 115 24 0
9 115 25 0
9 115 26 1.39807e-189
9 115 27 1.39807e-189
9 115 28 2.08298e-191
9 115 29 2.08298e-191
9 115 30 0
9 115 31 0
9 116 16 1.40215e-183
9 116 17 1.40215e-183
9 116 18 1.59752e-186
9 116 19 1.59752e-186
9 116 20 1.13461e-189
9 116 21 1.13461e-189
9 116 22 6.46721e-193
9 116 23 6.46721e-193
9 116 24 0
9 116 25 0
9 116 26 2.09189e-192
9 116 27 2.09189e-192
9 116 28 3.18872e-194
9 116 29 3.18872e-194
9 116 30 0
9 116 31 0
9 117 16 1.40215e-183
9 117 17 1.40215e-183
9 117 18 1.59752e-186
9 117 19 1.59752e-186
9 117 20 1.13461e-189
9 117 21 1.13461e-189
9 117 22 6.46721e-193
9 117 23 6.46721e-193
9 117 24 0
9 117 25 0
9 117 26 2.09189e-192
9 117 27 2.09189e-192
9 117 28 3.18872e-194
9 117 29 3.18872e-194
9 117 30 0
9 117 31 0
9 118 16 2.04721e-186
9 118 17 2.04721e-186
9 118 18 2.96456e-189
9 118 19 2.96456e-189
9 118 20 2.5657e-192
9 118 21 2.5657e-192
9 118 22 1.7297e-195
9 118 23 1.7297e-195
9 118 24 0
9 118 25 0
9 118 26 2.95861e-195
9 118 27 2.95861e-195
9 118 28 4.61399e-197
9 118 29 4.61399e-197
9 118 30 0
9 118 31 0
9 119 16 2.04721e-186
9 119 17 2.04721e-186
9 119 18 2.96456e-189
9 119 19 2.96456e-189
9 119 20 2.5657e-192
9 119 21 2.5657e-192
9 119 22 1.7297e-195
9 119 23 1.7297e-195
9 119 24 0
9 119 25 0
9 119 26 2.95861e-195
9 119 27 2.95861e-195
9 119 28 4.61399e-197
9 119 29 4.61399e-197
9 119 30 0
9 119 31 0
9 120 16 2.88502e-189
9 120 17 2.88502e-189
9 120 18 5.06417e-192
9 120 19 5.06417e-192
9 120 20 5.16986e-195
9 120 21 5.16986e-195
9 120 22 4.02567e-198
9 120 23 4.02567e-198
9 120 24 0
9 120 25 0
9 120 26 4.03398e-198
9 120 27 4.03398e-198
9 120 28 6.43865e-200
9 120 29 6.43865e-200
9 120 30 0
9 120 31 0
9 121 16 2.88502e-189
9 121 17 2.88502e-189
9 121 18 5.06417e-192
9 121 19 5.06417e-192
9 121 20 5.16986e-195
9 121 21 5.16986e-195
9 121 22 4.02567e-198
9 121 23 4.02567e-198
9 121 24 0
9 121 25 0
9 121 26 4.03398e-198
9 121 27 4.03398e-198
9 121 28 6.43865e-200
9 121 29 6.43865e-200
9 121 30 0
9 121 31 0
9 122 16 3.97524e-192
9 122 17 3.97524e-192
9 122 18 8.20423e-195
9 122 19 8.20423e-195
9 122 20 9.65699e-198
9 122 21 9.65699e-198
9 122 22 8.53351e-201
9 122 23 8.53351e-201
9 122 24 6.20209e-205
9 122 25 6.20209e-205
9 122 26 5.36052e-201
9 122 27 5.36052e-201
9 122 28 8.76168e-203
9 122 29 8.76168e-203
9 122 30 0
9 122 31 0
9 123 16 3.97524e-192
9 123 17 3.97524e-192
9 123 18 8.20423e-195
9 123 19 8.20423e-195
9 123 20 9.65699e-198
9 123 21 9.65699e-198
9 123 22 8.53351e-201
9 123 23 8.53351e-201
9 123 24 6.20209e-205
9 123 25 6.20209e-205
9 123 26 5.36052e-201
9 123 27 5.36052e-201
9 123 28 8.76168e-203
9 123 29 8.76168e-203
9 123 30 0
9 123 31 0
9 124 16 5.39681e-195
9 124 17 5.39681e-195
9 124 18 1.28158e-197
9 124 19 1.28158e-197
9 124 20 1.70993e-200
9 124 21 1.70993e-200
9 124 22 1.69124e-203
9 124 23 1.69124e-203
9 124 24 4.84889e-207
9 124 25 4.84889e-207
9 124 26 6.98872e-204
9 124 27 6.98872e-204
9 124 28 1.17056e-205
9 124 29 1.17056e-205
9 124 30 0
9 124 31 0
9 125 16 5.39681e-195
9 125 17 5.39681e-195
9 125 18 1.28158e-197
9 125 19 1.28158e-197
9 125 20 1.70993e-200
9 125 21 1.70993e-200
9 125 22 1.69124e-203
9 125 23 1.69124e-203
9 125 24 4.84889e-207
9 125 25 4.84889e-207
9 125 26 6.98872e-204
9 125 27 6.98872e-204
9 125 28 1.17056e-205
9 125 29 1.17056e-205
9 125 30 0
9 125 31 0
9 126 16 0
9 126 17 0
9 126 18 0
9 126 19 0
9 126 20 0
9 126 21 0
9 126 22 0
9 126 23 0
9 126 24 0
9 126 25 0
9 126 26 0
9 126 27 0
9 126 28 0
9 126 29 0
9 126 30 0
9 126 31 0
9 127 16 0
9 127 17 0
9 127 18 0
9 127 19 0
9 127 20 0
9 127 21 0
9 127 22 0
9 127 23 0
9 127 24 0
9 127 25 0
9 127 26 0
9 127 27 0
9 127 28 0
9 127 29 0
9 127 30 0
9 127 31 0
